11281316
8295635
11125748
12486146
11893773
7672107
11016543
7568158
7936253
9461617
12637119
9424665
10638195
9083560
7729825
8651653
7891871
9326295
11598497
10431657
7566652
12112161
9471175
8154882
10501182
11113336
12037434
9637403
9523562
9763475
8709703
8709704
8803817
9681640
7814023
12023056
9048987
9175590
9929680
9559653
7585009
7920638
8915608
9532343
9329691
10936877
11408789
10534164
12076977
12629906
11387943
10867214
12498968
9591838
8530010
11844869
9350853
10818526
12363410
8712790
9335533
11925775
10912224
11015454
11992623
9460714
10685028
11920850
9562306
9626772
8848271
11756600
7898715
8971103
8867586
10078062
10835442
10066860
8082773
11890488
7824200
12077730
12417379
8854306
7696609
8648331
9412500
9125900
10775535
11405810
12957508
10402500
12935416
9539409
9539408
12459519
8527231
9597090
9876967
11315514
7605379
8618881
11305015
11143490
11553788
9774779
9008509
12161276
9221977
11496365
9258912
12901781
11476599
10806314
11425936
7542371
8044413
9259370
9222173
9772023
11448080
10454160
12465441
10501193
9848808
12399018
11041282
10699053
12147333
8203459
12525890
11273064
12787320
9704150
10213175
10867209
8757051
9329686
9100668
10854768
12111863
10775884
12582468
9018400
7696597
8576504
12573540
10867779
12049183
9508150
14501016
11222634
12475089
9328480
9649761
10694577
10400250
11732920
8622392
11464462
10668705
7968026
10668702
10668703
9576554
7703749
10737598
10329743
11115331
11377835
8867021
7473659
9017530
11860878
8804040
9006661
12405546
12405544
7478253
9834545
10898905
10718322
8691961
9875528
8674441
11642543
10994644
11592113
12947160
9126060
10525981
8544551
11068149
11069947
8872415
8872419
10208278
7595642
12856536
11347179
10592690
8940032
8682150
12205106
9221969
9073034
9672379
8761956
9307253
10505604
8841664
12657895
8656943
11483304
10891924
8656944
11257253
9785148
9697689
10811879
9219743
9070638
12533085
8725895
10998477
12384263
9153535
8864947
7710374
9125318
7710373
11005255
10559561
7603172
8161573
11416775
12580698
10528114
11132184
11848621
11741391
10737125
10737120
7818244
10500259
10765057
9130294
7818249
12214015
10400221
12556576
11684351
9812182
7644022
10880397
10737693
10794857
9347936
10488446
12077215
10619631
8596269
7761390
10766901
7818636
12722978
12411758
9831993
9831994
9224643
11166730
9855862
10030402
11122341
11369806
12095226
10411341
8050887
9003067
9292870
9003062
10419818
8047277
8047278
11971084
8123007
11430905
8782820
12609489
10682216
11912108
9831633
9425904
10081980
8741397
12169205
9520072
9681639
12812866
14521991
7595656
8993479
7816154
11576650
8961669
8042228
8880693
8128961
8128960
12226534
12226533
12226532
10629142
10422994
9502209
8071310
12393935
9152721
12668899
9129962
11591456
9669695
10626834
12809979
10352866
10338292
11778650
11723294
10935434
7592957
9862642
11482130
9486746
9340872
9340870
12000192
9086466
11715112
8546162
8679539
9863603
11357958
9369084
11173882
10534156
12507771
12495082
12495080
8544899
12231459
10502286
8931004
9596412
9583189
11684342
11936239
7770005
10436115
8786847
9143266
9143263
10980578
11683989
12411763
11358444
11336076
10088051
7846048
9173910
11007687
12392781
7746463
8899655
8075646
12471457
12490540
9422368
8987775
8175773
9214529
11058789
8890772
10207721
12541014
10325447
8906609
12946703
7728146
9635475
11774719
11774713
11676291
11299424
11454984
8980016
8636429
10934557
9221767
12392766
8955927
9754236
12167762
9305342
7936857
10026381
8993485
8993481
8993483
11125144
12559837
12559836
9619639
8993489
9454617
12067591
7815043
11447827
11447826
11447828
11790212
10394937
12581343
11305869
9786612
11904138
9929677
9929679
10526094
7579137
10592684
11882522
9258256
9877525
10912914
8830309
10192208
10912918
7717688
10822427
11302074
9705582
11071064
11264988
10818508
11882744
10822352
7481373
10855603
7783963
11578751
11816788
9366728
9178861
9398632
9237487
9382479
11076057
9831815
14501024
9572586
11822882
10320795
12123862
11442298
9339270
8773610
10507547
11072138
7853700
8040342
8602762
8614504
12212789
10599813
11901276
10071712
10071711
9878186
10571241
9619150
12015813
8014966
9436726
9436725
12376533
9598682
8832646
12117549
10823584
11443731
9467014
8139083
12365882
12584430
12824768
11095526
10738542
10408574
8683540
12105308
11375142
7615568
11458997
11825674
9658938
9693262
9325076
10679292
9549720
8710076
8710077
11716140
9307262
9052714
9052712
8013374
8751868
10939571
9327086
11273849
11895043
8183036
12806589
12182886
9218645
7891889
7891887
12030413
12451108
12555245
9837937
10022033
12864777
9743563
11165374
10430422
10430421
7617191
8830319
9213859
11129109
11487050
11816786
11493026
11816789
12722493
10195399
7619525
9577654
8829725
11844476
12394840
10421878
10599773
10364643
10364640
10364641
11861652
8875468
9572591
10231806
9329486
8825898
14511323
7970234
8773602
8825894
9113034
12237848
9383026
9295092
11986126
9756330
9017975
8929997
12782758
9627181
9852204
9782459
12657430
8740984
7944308
9826113
10713392
9386782
12536572
12788204
8632166
9316155
10818507
12006218
8744406
8744405
8744402
12714797
10448801
11513353
10772123
9736756
11436129
12192621
12192623
8762193
9674794
7751846
9674791
10946021
10670439
11698154
11698153
11710891
9620064
11320185
9520135
11790235
11558492
9751196
7888092
9751198
7773573
9341932
11099722
12811635
7675243
11980062
8816305
7532337
8756999
9743578
9743577
9014911
9876966
9174000
9791536
11259129
10197814
10194255
9920359
8171342
9603433
8774959
11408727
9033257
9033259
8039724
11816794
12457072
9708953
9536100
8024269
11849755
10593304
10593300
11255440
7700578
11255448
12580702
8702415
9701681
8172944
8834536
9236226
8859062
7664194
10846860
11338204
12552039
10206226
8878109
7853720
12670700
8185566
8158809
11173876
11173877
11173875
10354518
7738980
10567488
11113217
8624080
9721442
10818499
10749663
11123940
12928915
7654070
7654074
7802679
7700597
7700596
9447448
9447442
8089103
10818140
9547474
9848097
9333264
10369830
9469259
11775232
10490274
9521254
9300650
9916507
9386771
12566177
8826994
9302273
9153523
8980023
14574626
7952845
11354629
11739991
11715411
8083685
8083686
8083687
9224523
10563653
11807900
8632164
11755017
7972031
11325345
12637699
11403971
10852539
7977635
10219785
12876550
11940706
8075630
12849539
9678311
9678319
12951193
12031891
12810610
9222170
10362893
7582040
9057170
8290946
10319883
8786409
7937774
11231028
12232782
9853024
11070505
12419536
10381540
7649988
12807963
7783958
9187933
10652986
8951889
11950276
11327877
9066369
9066363
11531831
8958361
9660395
11898555
9343467
7755355
8058125
10079115
7879604
10797593
11574101
12142731
12230303
12230301
10643890
10413774
10961667
7970216
8652146
11378846
11835377
11835370
9048759
10436064
11113612
8619535
11182472
11527492
8624098
8624094
8624095
8624096
8624097
9665654
7765750
11444802
9102150
9468467
7783869
9822164
10984073
10412731
12105373
11596149
9012418
10936878
10076900
12468034
9559926
10766998
8823200
12930057
7583250
8733730
11743951
12901842
8158175
7824144
7713402
10873585
12614323
10592634
10687744
8687416
11755001
11755000
9213069
12095653
14512715
12724118
8692753
8730823
9777946
9920995
9811931
10944562
10208564
8881379
10653281
12067484
11769724
11435901
12413003
9219874
10920030
8644745
11840304
9696068
10851367
8070517
9562469
9562467
12618306
12834112
8938267
8905608
8891070
9514597
10587578
12116196
10637933
10637934
8725748
11936240
9728943
10027417
8058160
9470136
9329722
7841371
7970208
10732806
7776813
7609909
11312553
7668835
7668834
9153643
11589917
10401448
10785619
11589913
8648892
8620924
10428071
10428074
12962909
9470130
10737615
12782345
9700208
9051750
9844031
11702052
8726460
9040748
11445256
8841967
9198315
11360807
12115887
11123907
9041854
10439444
9089676
7824157
9427340
8815160
8791246
10816430
9506546
8780111
8871952
10420066
7525898
11343827
11409442
12950448
11553277
11706973
8633046
9265639
8890795
12451676
12875979
9786245
10858588
7884953
10192210
9850873
10671644
10634455
8309588
12160362
8309587
8644717
9546293
10089003
8642164
11571321
9780089
9285479
11770221
8813351
7646655
9403708
11378247
11378241
8869295
9605496
11044587
7821387
9667603
11851296
11172628
9529753
8177532
12971913
7695621
10570509
9409253
9566384
10766403
10027555
8929157
8731381
10801051
10961427
12658281
8649552
7639323
9147873
9855543
9058415
12607822
11470958
12761223
10840275
9633759
12581338
7637575
8602063
8554056
9280168
9280167
11578777
10349334
10367700
12890772
9831992
9524800
8572669
9831995
8841971
7474917
9823831
9030704
12507914
10869806
12507910
9524247
7763336
11032626
10799751
7909036
9854388
11343837
10746604
11293821
9292886
11074789
12042316
8525803
8833436
7914580
8682647
11212354
9137113
7951676
7951679
9593678
8811124
10411671
12402229
9270069
8811505
9486483
10668701
11464464
11120597
9628766
9169250
11769703
10918055
8726148
8649585
11161595
9520006
9520001
9651008
7486872
8940294
8309625
10886308
12007670
12709467
8659934
8313935
11045665
11673590
10079962
9682830
11240021
9596222
11290387
7810590
10681402
12374623
8273205
10712207
9066358
10591674
8761338
10534256
12128082
9880043
10570512
9708864
9018389
11408299
7550352
10027549
10027548
9566379
8786385
12634421
9211985
8937829
9307578
9153464
7581381
9733229
12552038
9013407
9121705
12552037
11122698
10867785
10767725
11333435
10213152
11711530
11311545
9547235
12379263
10369305
10461029
10582625
11216203
8983040
10192209
12957499
10186439
8558171
9568731
12957490
9290497
9129722
10885540
9129729
10624576
11110974
7740560
11256794
14507342
10952022
10487843
12876265
9547165
12784029
9486747
10488949
9024330
12944519
11939894
10487844
8035940
10625715
9631384
9689449
10604441
10604440
10501208
9482248
9482249
8804993
11060007
8939277
11017931
11501342
8669075
8676723
9223597
8941642
8977148
9804121
12433260
11673588
8858183
8858181
7847867
7847865
10214736
9527138
10777685
12433263
8741132
12459889
8848934
9369317
9349544
10860300
11087769
8086986
7566008
7566000
10601411
8786379
11303757
9181358
9181359
8786396
11746653
10212558
8843827
8843828
9484353
8747858
11869551
9073026
12676346
7574468
7574461
10541592
9621997
9225693
10336256
11035488
7540552
8871590
11705626
9411578
7969426
10818510
10818513
8892351
11177205
9494696
10947802
10474059
12480755
7876895
9370233
11445269
9067471
11738469
10366621
9886074
9592052
10190820
10494348
8128315
11376902
11930145
8525796
8525799
8557181
8618855
9106747
8596645
11157409
9740234
10322238
11987699
12490529
9925654
8710175
10899434
7670501
11743999
9341576
12885574
12163621
12885570
9718053
9718052
12123847
9647321
12833577
8173818
9327723
12826741
11790634
8912482
7992850
7724603
11087768
9536099
11193147
11516561
11988340
9074395
9074396
9015824
7977363
9147408
10611368
9326451
7964823
10025785
8797010
9853706
11889238
10998553
9862571
12917433
7910910
8996815
10525138
11565608
12755040
11145984
9667569
12928512
12391602
7539827
11734357
10636159
11248079
10399868
10705163
10815129
10465706
7611715
9185685
7818703
10558867
10372566
11523146
7969418
9003488
7488135
9246676
7619017
10818505
8042921
11122949
8993478
10230703
11684904
12391598
12548360
9189032
9445249
9869645
11863377
10599878
11899259
10489042
9622609
10940674
12646385
7700444
7823376
10391478
11893839
7849527
11940690
11893834
11193808
11193807
10462111
10771168
12135350
10910426
12614344
11067868
8526475
8526476
10050959
7922348
10190327
8890599
11722612
9740113
9484359
11934472
8631862
12111439
11285089
10953177
11711225
7847069
7676127
8912490
9836756
11721146
8947284
12453676
12453673
9990558
10959835
11060356
12951205
10360679
11769625
7857652
9148246
7706948
8651641
10656299
11804704
10208640
9298817
12011307
11701639
7487559
9647302
9767914
11556686
9218507
10483785
8669492
9482681
9710033
7810577
7526899
8803820
9630508
12145452
10744589
12384789
9781520
11535112
7715296
8624107
9165306
7612383
10172880
10559556
9098525
10559559
9625186
10861213
10413465
8559364
9701675
8624076
8618665
7700274
8820179
10487842
10936884
10936886
10936881
10936880
8624078
8624079
12642767
9121226
10867200
9700658
9700655
12074828
8592548
10854569
9164326
7721816
10818534
9588907
9184634
10609670
10970054
8846237
8846238
11425005
11941486
8069300
8076181
9549589
12053131
12873803
11940689
7944299
12682309
9932417
7534068
8711797
10910416
11421127
10403716
12355988
10432380
12417380
10369887
7485228
10671320
12882964
12876259
8521945
8890929
7673184
7755725
11930162