10766352
8205537
11384880
8626706
12473575
8873895
9357999
10676665
7585609
11309283
9065466
9815813
7509629
11278691
9815544
12444079
11368881
7497000
10229198
9413807
10383152
11337496
8806109
7627387
9545345
9394418
9492043
12105987
9076342
12897145
9539310
11988840
11879554
9205064
10850457
8692980
9883987
10232609
12149131
11342260
12438247
8620490
10545285
10674396
9622092
9850076
11267857
8989772
11228049
12750239
10207105
11416032
10816436
12855680
11507082
7959284
10499513
9333017
8665514
7589243
11457860
9231155
11081412
10974650
10726973
12960057
14559833
9331099
12941837
11859875
12547158
11494131
7977648
11102895
9852124
11223541
12910533
10401676
10830316
11205897
9159164
11788654
12195157
8883970
8603569
12112314
9699666
10642432
8609661
8675593
8069850
11334418
9452421
11546773
10777488
11262195
8646598
7959292
9387030
11713209
9640416
8145772
12447687
14534541
11489838
11376121
10791772
9553667
11020056
7791758
7665217
12138094
12767520
11752009
9331100
8174129
12876289
12571082
10435587
12746329
11577168
8828463
12414625
11245436
11149601
12592384
8595162
12746434
11150434
10919668
11041233
10569999
9130892
12581018
11161964
8674059
10849571
9704714
12525256
11872675
12401798
11500939
8625368
8909524
14520693
9342440
12917202
12888657
8607861
9679929
8286193
12068000
7527408
11704861
11313980
10669726
14583467
8626686
8732665
7525978
12538620
9311601
9832424
7758167
12193537
12641820
11591350
10207053
11923875
12937141
12543777
12372686
7523316
12360481
10699960
10602507
9312016
11885994
12150454
10720068
8616830
14522909
10985759
10931447
12168088
9516080
9633824
12466336
8710868
12188907
9821177
10766344
12417786
9591538
9488037
10438568
12556535
12839944
10847581
8175666
9408753
11124964
10427145
12530085
12489029
10851068
10234899
12876069
7593132
11398888
9048593
8616829
11884618
11260861
7743492
11828267
12031683
11689295
10430101
9413957
12754739
7788852
9831246
10077005
10368301
12379772
11163495
10757056
8923458
10459850
11376126
10702400
11071655
11781836
12545153
9648831
12121883
9766646
10940495
7529048
7529049
11559546
12890810
11940579
12503617
11896447
11001824
12750288
10484052
11291931
12149650
9842972
11145572
11778548
11594774
9056422
11287353
9205049
9671232
11479214
10611187
9166674
8833657
11135668
10507775
10026153
12867429
11023522
11950959
9729323
8796841
12566306
11274216
9342439
10950308
10690548
10846175
11716549
10967123
11694888
10319328
12482909
12533667
11212254
14528284
10619489
11774034
9469330
12776186
11145562
11453542
12539223
9322955
9815941
12473592
9515800
7624149
11498020
11005099
10720440
9892013
9506989
11278392
12374697
8188767
10917054
10830573
11870540
10734317
7664648
12543789
12593846
9150190
9202243
12019176
10092114