src,dst
9465097,12566713
9465097,11158207
9465097,11145916
9465097,11883199
9465097,12857908
11581419,11287582
11581419,9420209
11581419,8709207
11581419,11160736
11581419,12610128
8553535,8709207
8553535,12518224
8553535,11044077
8553535,9650960
8553535,11886254
7778283,8709207
7778283,8601783
7778283,7494284
7778283,9298727
7778283,8973339
11044077,12518224
11044077,9568045
11044077,8553535
11044077,9784363
11044077,9650960
9420209,11287582
9420209,11040122
9420209,8709207
9420209,10559364
9420209,11581419
11040122,7666533
11040122,9420209
11040122,9557678
11040122,8551571
11040122,9372953
11160736,12610128
11160736,11163673
11160736,12560332
11160736,10364381
11160736,12857908
12560332,11160736
12560332,12610128
12560332,8709207
12560332,11287582
12560332,9650960
10364505,9568045
10364505,10873782
10364505,8709207
10364505,11044077
10364505,9420209
12533712,11044077
12533712,11160736
12533712,12610128
12533712,11682199
12533712,8289365
9568045,10873782
9568045,11499923
9568045,11044077
9568045,10364505
9568045,8709207
12857908,11878901
12857908,10233949
12857908,12050360
12857908,11602792
12857908,11163673
9784363,11044077
9784363,8709207
9784363,12033775
9784363,9811779
9784363,8289365
8957669,8957670
8957669,9234794
8957669,11145916
8957669,9650960
8957669,10573627
7831768,12518224
7831768,9650960
7831768,8553535
7831768,11886254
7831768,8709207
9636375,12857908
9636375,11163673
9636375,7595373
9636375,10364381
9636375,8806551
12610128,11160736
12610128,11287582
12610128,12560332
12610128,8709207
12610128,9018146
11121865,10918034
11121865,11044077
11121865,9469843
11121865,12518224
11121865,9343214
7815562,12610128
7815562,8709207
7815562,8615005
7815562,12663788
7815562,11160736
8151305,7494284
8151305,8825715
8151305,9650960
8151305,11160736
8151305,9032384
9018146,8709207
9018146,12610128
9018146,7523700
9018146,11160736
9018146,11287582
8178438,8764516
8178438,8553535
8178438,8200503
8178438,8139029
8178438,9650960
8709207,8553535
8709207,11287582
8709207,7933109
8709207,12610128
8709207,12518224
12566713,9465097
12566713,12663770
12566713,11883199
12566713,10362134
12566713,11158207
7561785,12208977
7561785,12663788
7561785,8178438
7561785,12706096
7561785,12857908
11287582,8709207
11287582,9420209
11287582,12610128
11287582,12560332
11287582,12663788
11967289,12890615
11967289,9311816
11967289,9261437
11967289,12584306
11967289,8709207
11886254,12518224
11886254,12857908
11886254,8553535
11886254,11878901
11886254,9650960
12518224,8553535
12518224,11044077
12518224,11886254
12518224,9650960
12518224,7831768
10712890,11158207
10712890,9465097
10712890,12566713
10712890,11145916
10712890,10971133
8525612,11289806
8525612,8709207
8525612,7933109
8525612,9420209
8525612,9018146
12033775,9784363
12033775,11287582
12033775,8709207
12033775,11044077
12033775,10873782
12663788,11243812
12663788,9060658
12663788,8289365
12663788,11287582
12663788,12857908
8289365,11160736
8289365,7491757
8289365,11044077
8289365,12663788
8289365,8553535
12208977,12033769
12208977,14517069
12208977,7561785
12208977,12663788
12208977,7491757
7745672,7933109
7745672,8615005
7745672,8709207
7745672,9060652
7745672,9650960
12840887,8709207
12840887,11499923
12840887,11160736
12840887,11044077
12840887,10873782
12482659,11160736
12482659,9420209
12482659,8289365
12482659,7491757
12482659,12560332
12050360
9311816
11163673
8139029
12890615
7523700
10918034
7494284
9811779
9261437
9060658
10873782
10573627
7933109
7491757
7595373
11243812
11158207
8957670
8601783
9298727
7666533
9372953
10233949
12663770
8615005
9557678
8825715
9032384
12706096
12033769
8764516
11878901
11499923
8973339
10364381
9650960
9234794
8551571
11682199
10362134
11883199
10559364
8200503
8806551
9343214
9469843
10971133
11145916
11602792
9060652
12584306
11289806
14517069