9627181,10027417
9627181,8618855
9627181,9562469
9627181,12135350
9627181,8980023
9470136,9427340
9470136,8747858
9470136,7891871
9470136,10208640
9470136,7992850
9300650,10765057
9300650,10687744
9300650,9621997
9300650,9074395
9300650,8832646
9343467,11939894
9343467,9508150
9343467,9012418
9343467,8644717
9343467,11790212
9772023,12957508
9772023,11408727
9772023,9403708
9772023,8872419
9772023,10823584
8830309,8596645
8830309,9040748
8830309,9520006
8830309,8791246
8830309,8731381
9577654,9307578
9577654,12451676
9577654,9804121
9577654,10682216
9577654,8980016
12169205,10483785
12169205,10534164
12169205,9791536
12169205,9621997
12169205,10775535
9370233,11325345
9370233,8744402
9370233,10767725
9370233,10952022
9370233,11778650
10867779,11571321
10867779,12495082
10867779,9781520
10867779,8859062
10867779,9785148
12657895,9665654
12657895,10775884
12657895,9549720
12657895,11071064
12657895,10411671
12614323,9700208
12614323,8614504
12614323,9343467
12614323,9626772
12614323,12355988
9307578,9052714
9307578,9920359
9307578,10624576
9307578,12053131
9307578,12355988
7849527,8596645
7849527,8890772
7849527,7816154
7849527,7898715
7849527,8797010
9852204,10354518
9852204,9012418
9852204,11320185
9852204,10490274
9852204,12457072
9482248,8830319
9482248,9674791
9482248,8014966
9482248,8075646
9482248,8128960
12490540,10571241
12490540,12376533
12490540,12670700
12490540,10959835
12490540,12882964
8273205,12226532
8273205,12011307
8273205,8741397
8273205,8039724
8273205,11068149
8082773,9520006
8082773,12581338
8082773,8624080
8082773,7595656
8082773,11193807
8047278,8614504
8047278,8624095
8047278,9369084
8047278,7746463
8047278,7574468
10381540,9751198
10381540,10501208
10381540,9422368
10381540,7637575
10381540,11711530
7936253,8710076
7936253,7970234
7936253,8669492
7936253,8702415
7936253,8525796
8867021,12876259
8867021,7992850
8867021,8702415
8867021,8890772
8867021,8525796
14501016,9460714
14501016,9369317
14501016,11305869
14501016,7615568
14501016,7695621
11095526,10454160
11095526,11041282
11095526,11231028
11095526,10980578
11095526,12962909
9290497,8993479
9290497,9057170
9290497,8826994
9290497,11416775
9290497,10746604
11860878,9831815
11860878,9343467
11860878,11285089
11860878,9626772
11860878,10194255
11775232,8710077
11775232,9369084
11775232,10940674
11775232,9619639
11775232,8947284
9066363,12787320
9066363,8841664
9066363,7566000
9066363,9213069
9066363,8203459
10854768,12609489
10854768,9033257
10854768,11553277
10854768,11113336
10854768,8980023
9704150,9369084
9704150,10998553
9704150,8069300
9704150,11775232
9704150,7824157
9876967,9181358
9876967,8773610
9876967,9409253
9876967,7550352
9876967,9148246
9596412,9033259
9596412,9258256
9596412,10737598
9596412,8786379
9596412,11556686
11889238,9343467
11889238,10448801
11889238,9626772
11889238,8669492
11889238,9876966
12566177,9678311
12566177,11016543
12566177,12548360
12566177,10634455
12566177,11255440
10362893,12417380
10362893,9052712
10362893,12417379
10362893,12876259
10362893,8614504
7922348,12581343
7922348,9460714
7922348,9024330
7922348,8596645
7922348,8833436
9382479,9343467
9382479,9508150
9382479,11939894
9382479,11790212
9382479,7818244
8878109,9850873
8878109,9329486
8878109,9187933
8878109,9223597
8878109,9678311
10934557,9920359
10934557,12629906
10934557,10682216
10934557,11683989
10934557,11535112
7619525,8631862
7619525,9398632
7619525,9030704
7619525,12787320
7619525,9460714
9831992,9831993
9831992,9508150
9831992,9831994
9831992,9831995
9831992,9343467
11421127,9369084
11421127,11775232
11421127,8069300
11421127,11482130
11421127,9494696
11445269,12457072
11445269,11756600
11445269,8614504
11445269,10737693
11445269,10851367
9482681,9674791
9482681,8669492
9482681,10430421
9482681,10609670
9482681,8618665
9520006,8669492
9520006,10867785
9520006,10912914
9520006,12411758
9520006,11115331
8596269,11775232
8596269,10329743
8596269,8947284
8596269,9347936
8596269,9619639
11378846,9343467
11378846,10541592
11378846,11939894
11378846,11095526
11378846,8644717
9467014,9700208
9467014,10525981
9467014,11095526
9467014,9756330
9467014,9811931
8290946,8624097
8290946,7853720
8290946,8993483
8290946,11743999
8290946,11193807
7884953,9074396
7884953,8797010
7884953,8592548
7884953,9823831
7884953,10811879
7566000,8596645
7566000,9520006
7566000,12787320
7566000,7992850
7566000,8890772
10364641,10208278
10364641,9520006
10364641,10559559
10364641,12552038
10364641,8791246
11193807,9700658
11193807,8820179
11193807,10212558
11193807,7532337
11193807,12486146
10980578,11113217
10980578,9756330
10980578,12962909
10980578,11095526
10980578,12105308
8740984,7746463
8740984,12355988
8740984,9307578
8740984,10624576
8740984,7888092
8161573,11589913
8161573,8614504
8161573,11470958
8161573,10349334
8161573,7746463
10352866,9524800
10352866,10867214
10352866,9549589
10352866,12453673
10352866,11448080
9316155,11851296
9316155,12355988
9316155,10488446
9316155,10349334
9316155,9307578
9831633,12957508
9831633,12214015
9831633,10765057
9831633,7763336
9831633,10939571
7700274,7944299
7700274,11302074
7700274,9693262
7700274,8747858
7700274,10319883
10867214,10352866
10867214,10026381
10867214,8624079
10867214,11032626
10867214,11835377
9920359,9307578
9920359,12433263
9920359,12629906
9920359,10682216
9920359,12552037
8596645,7566000
8596645,9520006
8596645,10483785
8596645,9040748
8596645,8830309
7585009,8624097
7585009,10079962
7585009,7566000
7585009,7898715
7585009,9051750
10570509,10567488
10570509,9728943
10570509,8747858
10570509,8848271
10570509,8651641
8830319,9482248
8830319,9674791
8830319,9259370
8830319,8128960
8830319,8530010
12205106,12457072
12205106,9343467
12205106,8618665
12205106,9674794
12205106,11807900
10944562,9728943
10944562,12457072
10944562,11790634
10944562,10364643
10944562,9848808
11683989,10349334
11683989,12552037
11683989,11535112
11683989,9920359
11683989,12788204
9482249,9539409
9482249,9482681
9482249,11684904
9482249,9225693
9482249,9823831
10369830,10190327
10369830,10206226
10369830,9536100
10369830,10699053
10369830,9863603
8854306,9484353
8854306,12901781
8854306,9850873
8854306,11987699
8854306,11893839
9184634,9559926
9184634,11240021
9184634,11311545
9184634,11161595
9184634,12971913
7574468,8614504
7574468,8128960
7574468,9369084
7574468,8624095
7574468,8047278
9855862,10785619
9855862,10818526
9855862,12782758
9855862,11940689
9855862,11940706
10637934,9854388
10637934,10912914
10637934,10192210
10637934,8811124
10637934,11578751
9697689,11723294
9697689,11889238
9697689,12584430
9697689,12787320
9697689,10609670
9211985,9265639
9211985,9003062
9211985,7721816
9211985,10936880
9211985,10816430
8993489,9521254
8993489,10886308
8993489,10599773
8993489,12142731
8993489,11173877
10860300,10855603
10860300,12480755
10860300,11711225
10860300,9660395
10860300,11721146
7644022,8624098
7644022,8596645
7644022,10483785
7644022,9520006
7644022,7566000
9886074,9265639
9886074,11070505
9886074,10428074
9886074,10413465
9886074,9003062
9222170,9572586
9222170,9178861
9222170,11076057
9222170,9148246
9222170,9637403
7773573,7891887
7773573,8624076
7773573,8171342
7773573,7649988
7773573,11844476
9547165,10668702
9547165,7783963
9547165,8618881
9547165,9292886
9547165,10668703
8624079,8572669
8624079,7566000
8624079,8596645
8624079,8731381
8624079,8890772
11157409,10625715
11157409,12457072
11157409,8618665
11157409,11807900
11157409,9012418
11070505,10502286
11070505,9265639
11070505,11848621
11070505,12486146
11070505,9886074
8679539,9265639
8679539,9003062
8679539,8823200
8679539,8631862
8679539,9211985
12486146,12451108
12486146,10818140
12486146,9265639
12486146,11950276
12486146,10936880
10088051,9494696
10088051,9369084
10088051,8929157
10088051,11775232
10088051,8614504
8076181,9853024
8076181,8682150
8076181,9125318
8076181,7853700
8076181,9603433
7969418,8993483
7969418,7566008
7969418,8951889
7969418,8290946
7969418,8295635
8993481,7670501
8993481,9129722
8993481,10462111
8993481,8871590
8993481,9153464
7815043,8773602
7815043,8890599
7815043,7700597
7815043,7700596
7815043,8173818
9070638,9265639
9070638,9003062
9070638,12486146
9070638,8040342
9070638,10936880
7639323,7977635
7639323,7534068
7639323,7715296
7639323,8177532
7639323,7615568
10403716,12457072
10403716,8614504
10403716,9848808
10403716,12552039
10403716,12405546
9129722,9181358
9129722,8993481
9129722,7670501
9129722,10462111
9129722,8871590
9682830,10206226
9682830,9302273
9682830,11015454
9682830,10190327
9682830,10699053
9285479,9850873
9285479,8756999
9285479,9484353
9285479,10322238
9285479,8854306
12160362,11408299
12160362,10625715
12160362,9508150
12160362,9052712
12160362,11739991
10027417,9627181
10027417,11741391
10027417,10381540
10027417,8070517
10027417,8618855
8983040,8813351
8983040,9040748
8983040,12787320
8983040,8544899
8983040,11444802
11589913,8161573
11589913,12433263
11589913,10349334
11589913,9804121
11589913,8980016
10604440,12465441
10604440,10818508
10604440,10936880
10604440,11558492
10604440,11347179
9328480,9700208
9328480,10525981
9328480,9467014
9328480,9728943
9328480,11354629
11216203,12355988
11216203,9767914
11216203,12788204
11216203,10078062
11216203,11442298
9040748,12787320
9040748,8596645
9040748,8830309
9040748,10483785
9040748,7824144
11015454,10206226
11015454,10699053
11015454,10190327
11015454,9696068
11015454,11125748
9619639,11775232
9619639,10940674
9619639,10500259
9619639,10050959
9619639,10329743
9494696,10088051
9494696,9369084
9494696,8929157
9494696,11775232
9494696,9850873
10208564,10525981
10208564,12116196
10208564,8871590
10208564,12232782
10208564,10505604
9102150,10078062
9102150,11416775
9102150,10329743
9102150,11273064
9102150,9218645
12451108,12486146
12451108,10413774
12451108,14521991
12451108,10936880
12451108,10611368
10936884,11553277
10936884,12486146
10936884,10694577
10936884,9547235
10936884,10936880
9596222,8659934
9596222,8786396
9596222,11596149
9596222,12885574
9596222,10528114
7770005,8669492
7770005,10912914
7770005,12581338
7770005,9520006
7770005,9265639
12167762,12095653
12167762,9700208
12167762,11113217
12167762,10525981
12167762,11343837
8559364,11775232
8559364,9369084
8559364,8128961
8559364,7810590
8559364,8669492
12067591,10766403
12067591,12457072
12067591,12682309
12067591,12112161
12067591,12205106
10806314,11848621
10806314,8782820
10806314,10656299
10806314,11145984
10806314,9853706
12556576,9876966
12556576,7884953
12556576,12787320
12556576,9074396
12556576,9524800
11076057,9572586
11076057,9341576
11076057,9350853
11076057,9633759
11076057,9178861
9153523,9674794
9153523,8929157
9153523,10483785
9153523,9728943
9153523,9343467
8014966,9482248
8014966,8075646
8014966,7944299
8014966,7703749
8014966,8069300
9708864,11458997
9708864,9875528
9708864,11285089
9708864,9425904
9708864,9756330
8825894,8075646
8825894,9369084
8825894,10998553
8825894,8872415
8825894,8128960
14501024,12468034
14501024,11193807
14501024,9822164
14501024,12658281
14501024,11553277
8644717,8993479
8644717,9508150
8644717,9343467
8644717,11790212
8644717,7847867
7478253,9100668
7478253,12117549
7478253,9460714
7478253,9651008
7478253,11325345
12123862,11273064
12123862,10027555
12123862,12951205
12123862,10525981
12123862,12962909
9018389,8596645
9018389,9520006
9018389,7566000
9018389,10483785
9018389,7675243
7818703,7818636
7818703,7970234
7818703,7891871
7818703,7824144
7818703,8669492
10840275,9678319
10840275,9121705
10840275,10912918
10840275,8841664
10840275,10487842
9678319,10840275
9678319,11378241
9678319,12581338
9678319,9121705
9678319,10487842
11816786,11898555
11816786,11683989
11816786,12490529
11816786,11113612
11816786,9877525
10867209,8624097
10867209,10494348
10867209,10818505
10867209,12787320
10867209,9329691
10338292,9003062
10338292,8782820
10338292,9349544
10338292,11848621
10338292,9211985
10207721,8642164
10207721,11775232
10207721,10541592
10207721,12876259
10207721,12787320
11325345,11377835
11325345,10611368
11325345,11591456
11325345,12182886
11325345,12541014
11416775,9290497
11416775,10668705
11416775,9369084
11416775,7944299
11416775,7703749
8039724,9290497
8039724,8993479
8039724,8741397
8039724,9340872
8039724,12011307
7810590,9369084
7810590,7824157
7810590,11775232
7810590,8559364
7810590,8825898
9147873,11769724
9147873,12876259
9147873,9733229
9147873,9270069
9147873,9701675
10816430,9265639
10816430,9003062
10816430,12486146
10816430,9412500
10816430,10936880
8791246,9329686
8791246,7595642
8791246,8811505
8791246,9520006
8791246,8830309
9098525,8841664
9098525,7847069
9098525,9460714
9098525,9040748
9098525,7824200
7672107,7615568
7672107,7534068
7672107,8733730
7672107,10861213
7672107,8631862
10604441,9014911
10604441,12115887
10604441,8871952
10604441,9219743
10604441,11705626
12755040,11775232
12755040,10329743
12755040,10439444
12755040,10732806
12755040,12037434
12399018,9572586
12399018,10027548
12399018,9637403
12399018,9222170
12399018,9148246
10671320,10490274
10671320,11165374
10671320,12374623
10671320,9626772
10671320,11327877
11591456,12182886
11591456,11325345
11591456,11698153
11591456,11822882
11591456,11403971
12471457,10912918
12471457,12049183
12471457,8669492
12471457,10483785
12471457,10912914
10401448,11746653
10401448,10944562
10401448,9848808
10401448,12192621
10401448,12457072
10705163,9152721
10705163,10422994
10705163,9520135
10705163,9681639
10705163,10835442
7763336,8833436
7763336,12957508
7763336,9265639
7763336,8725748
7763336,8929157
12419536,10611368
12419536,10694577
12419536,11045665
12419536,10718322
12419536,12486146
11248079,8592548
11248079,11986126
11248079,9780089
11248079,11281316
11248079,10944562
11804704,10025785
11804704,9678311
11804704,11016543
11804704,10771168
11804704,10939571
12676346,8804040
12676346,7700578
12676346,10419818
12676346,9862571
12676346,12095226
10656299,10806314
10656299,11743999
10656299,12486146
10656299,9852204
10656299,10936880
7617191,9369084
7617191,8929157
7617191,8872415
7617191,8731381
7617191,8797010
9325076,9327723
9325076,9588907
9325076,11531831
9325076,7474917
9325076,11212354
9137113,8929157
9137113,11173877
9137113,9850873
9137113,9619150
9137113,11673590
7853720,10912914
7853720,8203459
7853720,9916507
7853720,12787320
7853720,9003062
11769724,8797010
11769724,9369084
11769724,10998553
11769724,11775232
11769724,7970234
11535112,11683989
11535112,9877525
11535112,12788204
11535112,10682216
11535112,11122949
8741132,8939277
8741132,9701675
8741132,10687744
8741132,12876259
8741132,9733229
7847867,8993479
7847867,8644717
7847867,10910426
7847867,9508150
7847867,7818244
11212354,10936880
11212354,11193807
11212354,9067471
11212354,11816788
11212354,8915608
7654070,10912224
7654070,7579137
7654070,8977148
7654070,9566384
7654070,8622392
9295092,9572591
9295092,9237487
9295092,10940674
9295092,8871590
9295092,9876966
10213152,11775232
10213152,12584430
10213152,10190327
10213152,12498968
10213152,9700208
11173882,11357958
11173882,10081980
11173882,10319883
11173882,12451676
11173882,9855543
8058160,9369084
8058160,8669492
8058160,8128961
8058160,7487559
8058160,7486872
10372566,10381540
10372566,9592052
10372566,10501208
10372566,11711530
10372566,9751198
8035940,8702415
8035940,7992850
8035940,7847865
8035940,7970234
8035940,7891871
8572669,12787320
8572669,8993478
8572669,11173877
8572669,9850873
8572669,8596645
10079115,12451108
10079115,12486146
10079115,11950276
10079115,10936880
10079115,11325345
7738980,8993483
7738980,7969418
7738980,7566008
7738980,12226533
7738980,8674441
12629906,9920359
12629906,12552037
12629906,10488446
12629906,10349334
12629906,12355988
7944308,7944299
7944308,8825898
7944308,9137113
7944308,7816154
7944308,8825894
10528114,12379263
10528114,9678319
10528114,11741391
10528114,12232782
10528114,10936880
9329691,9929679
9329691,11493026
9329691,12787320
9329691,10867209
9329691,14501024
11182472,9520006
11182472,12471457
11182472,12552038
11182472,10364641
11182472,8791246
7977635,7534068
7977635,7639323
7977635,8890772
7977635,8631862
7977635,9460714
7532337,9700658
7532337,8820179
7532337,10212558
7532337,11193807
7532337,8652146
10936881,12214015
10936881,12459889
10936881,11132184
10936881,10652986
10936881,10939571
9844031,8871590
9844031,9280167
9844031,10462111
9844031,7670501
9844031,9572591
10534156,11409442
10534156,11347179
10534156,12465441
10534156,10970054
10534156,11835377
9327086,10912224
9327086,9369084
9327086,11775232
9327086,7654070
9327086,12876259
8624096,8669492
8624096,12787320
8624096,10867785
8624096,9189032
8624096,10818505
12095653,12167762
12095653,9700208
12095653,11095526
12095653,11113217
12095653,10587578
9721442,7574461
9721442,10939571
9721442,8880693
9721442,12957490
9721442,9559653
8669492,8624096
8669492,10867785
8669492,12787320
8669492,11895043
8669492,10912914
8825898,9369084
8825898,7944299
8825898,7970216
8825898,10998553
8825898,8848271
11816788,12944519
11816788,11950276
11816788,10912914
11816788,10852539
11816788,11212354
9225693,10559561
9225693,7473659
9225693,8075646
9225693,8993481
9225693,9153464
8086986,9366728
8086986,7703749
8086986,9625186
8086986,8075646
8086986,9290497
9705582,11302074
9705582,11071064
9705582,11015454
9705582,10637933
9705582,10636159
11336076,9340872
11336076,12876259
11336076,9785148
11336076,10867779
11336076,10050959
8890929,8633046
8890929,9349544
8890929,7802679
8890929,8710175
8890929,8687416
10852539,12944519
10852539,10694577
10852539,11950276
10852539,10611368
10852539,10936880
10679292,12609489
10679292,10381540
10679292,12105373
10679292,14501024
10679292,11598497
10611368,11045665
10611368,12419536
10611368,10694577
10611368,10852539
10611368,12451108
12384789,12807963
12384789,12810610
12384789,9572586
12384789,12555245
12384789,11941486
11113217,12105308
11113217,10980578
11113217,10525981
11113217,9756330
11113217,11095526
10559559,8811505
10559559,9878186
10559559,9520006
10559559,8890772
10559559,10364641
12930057,10206226
12930057,10558867
12930057,11285089
12930057,10190327
12930057,11684904
12411763,9017530
12411763,9598682
12411763,10071711
12411763,10910416
12411763,11936239
7970234,8702415
7970234,7992850
7970234,8669492
7970234,7841371
7970234,7891871
10601411,9728943
10601411,11835377
10601411,11281316
10601411,9506546
10601411,12405544
7891889,8558171
7891889,9470130
7891889,9520006
7891889,9786245
7891889,8710076
12809979,12507914
12809979,11354629
12809979,12161276
12809979,12192623
12809979,10822352
10325447,9343467
10325447,9012418
10325447,11939894
10325447,9831815
10325447,7944299
12962909,10980578
12962909,11095526
12962909,9756330
12962909,12105308
12962909,11113217
9678311,11255440
9678311,10634455
9678311,11016543
9678311,12433260
9678311,10369305
9486747,9486746
9486747,9831993
9486747,9831992
9486747,9831994
9486747,9831995
8557181,9383026
8557181,9786612
8557181,11257253
8557181,9340872
8557181,11360807
8089103,7721816
8089103,9265639
8089103,9003062
8089103,9030704
8089103,9412500
12355988,10624576
12355988,9052714
12355988,12433263
12355988,12053131
12355988,9307578
8624076,7592957
8624076,9265639
8624076,8040342
8624076,12486146
8624076,9461617
11312553,11844869
11312553,9743578
11312553,10381540
11312553,11454984
11312553,12105373
11531831,9325076
11531831,9740234
11531831,9566379
11531831,8938267
11531831,11212354
9701681,12212789
9701681,10687744
9701681,9635475
9701681,8576504
9701681,8741132
11501342,11302074
11501342,10567488
11501342,12147333
11501342,9812182
11501342,12459519
11327877,11743999
11327877,12607822
11327877,12392766
11327877,10737615
11327877,10671320
8848934,7951679
8848934,7964823
8848934,11273064
8848934,10940674
8848934,10687744
10885540,10421878
10885540,10501193
10885540,7673184
10885540,8071310
10885540,9782459
9529753,9369084
9529753,7668835
9529753,11775232
9529753,7824157
9529753,8786847
9329722,7951679
9329722,8042228
9329722,8848934
9329722,12876259
9329722,12417380
12811635,11015454
12811635,9219874
12811635,10869806
12811635,12826741
12811635,11863377
10801051,11769625
10801051,11273849
10801051,11007687
10801051,10030402
10801051,7936857
11338204,11778650
11338204,10611368
11338204,10694577
11338204,10852539
11338204,9370233
10643890,10465706
10643890,11988340
10643890,11698154
10643890,11303757
10643890,9486483
7670501,8871590
7670501,9280167
7670501,10462111
7670501,10559561
7670501,8993481
8075646,8825894
8075646,7703749
8075646,7755355
8075646,10998553
8075646,9369084
8841664,9098525
8841664,7824200
8841664,9460714
8841664,10840275
8841664,8203459
8761956,8648331
8761956,11673590
8761956,7884953
8761956,10818510
8761956,9929677
10952022,11778650
10952022,11193147
10952022,11325345
10952022,10611368
10952022,12944519
8050887,7944308
8050887,8596645
8050887,8042921
8050887,9169250
8050887,7849527
11099722,9619639
11099722,9013407
11099722,10474059
11099722,10454160
11099722,11231028
9386771,8890772
9386771,9520006
9386771,8596645
9386771,8834536
9386771,7566000
9701675,10940674
9701675,10687744
9701675,8741132
9701675,7964823
9701675,12833577
8848271,9369084
8848271,8614504
8848271,11775232
8848271,10998553
8848271,8786847
9074395,8846237
9074395,10448801
9074395,10369305
9074395,9785148
9074395,11890488
9831994,9831995
9831994,9508150
9831994,9831993
9831994,9831992
9831994,8644717
7579137,9369084
7579137,10912224
7579137,7654070
7579137,10430422
7579137,8614504
9052714,9307578
9052714,12433263
9052714,12355988
9052714,12451676
9052714,9920359
9100668,9651008
9100668,7478253
9100668,8177532
9100668,10912914
9100668,7595656
12856536,12433263
12856536,9052714
12856536,12230301
12856536,10682216
12856536,12552037
11305015,11774719
11305015,11775232
11305015,10558867
11305015,11173875
11305015,11110974
7713402,8128960
7713402,7824157
7713402,9369084
7713402,8614504
7713402,8069300
8905608,11992623
8905608,12402229
8905608,11816794
8905608,12607822
8905608,9165306
8829725,12787320
8829725,9619150
8829725,9520006
8829725,9850873
8829725,11673590
12928512,12457072
12928512,11173877
12928512,9626772
12928512,9674794
12928512,8614504
10420066,8929997
10420066,9147873
10420066,12957508
10420066,10936877
10420066,12876259
10066860,10818513
10066860,9576554
10066860,8890772
10066860,12787320
10066860,11869551
11425005,9341576
11425005,11496365
11425005,10815129
11425005,10394937
11425005,10737120
7485228,8128960
7485228,10712207
7485228,9333264
7485228,7824157
7485228,9718053
12507910,11556686
12507910,10197814
12507910,10880397
12507910,12379263
12507910,11122341
9754236,10186439
9754236,11071064
9754236,8890795
9754236,8656944
9754236,10867214
8040342,9265639
8040342,9003062
8040342,8624076
8040342,12486146
8040342,12015813
7969426,8892351
7969426,9265639
7969426,11755000
7969426,7846048
7969426,9211985
7646655,10190820
7646655,8929157
7646655,8993485
7646655,9484353
7646655,9137113
8618881,9292886
8618881,8993489
8618881,12486146
8618881,7783963
8618881,10671644
11071064,10998477
11071064,12536572
11071064,11302074
11071064,9619639
11071064,12657895
11950276,12486146
11950276,10694577
11950276,10936880
11950276,10852539
11950276,12451108
9175590,12486146
9175590,9265639
9175590,12000192
9175590,8040342
9175590,9369317
11343837,10462111
11343837,10525981
11343837,11113217
11343837,8871590
11343837,9700208
7937774,8203459
7937774,10912914
7937774,11596149
7937774,7695621
7937774,9520006
10797593,10592690
10797593,11035488
10797593,12495080
10797593,11256794
10797593,12962909
9153535,9520006
9153535,8890772
9153535,8834536
9153535,9386771
9153535,12581343
9221977,10194255
9221977,8871590
9221977,9280167
9221977,9562467
9221977,9153464
9003062,9265639
9003062,9211985
9003062,10816430
9003062,8040342
9003062,12486146
11122949,12433263
11122949,9920359
11122949,10682216
11122949,12355988
11122949,12451676
11447828,10483785
11447828,7853720
11447828,9916507
11447828,11193807
11447828,8624080
11444802,11343827
11444802,9121705
11444802,12471457
11444802,9669695
11444802,10912914
9030704,9265639
9030704,7721816
9030704,8040342
9030704,9916507
9030704,9003062
12946703,7532337
12946703,9015824
12946703,14511323
12946703,12658281
12946703,10212558
9454617,10381540
9454617,10027417
9454617,11741391
9454617,9689449
9454617,11430905
9369317,11305869
9369317,11325345
9369317,9460714
9369317,12117549
9369317,7615568
9665654,12657895
9665654,9058415
9665654,12116196
9665654,9290497
9665654,9549720
9520001,12433263
9520001,11683989
9520001,10488446
9520001,11122949
9520001,12629906
10192209,11565608
10192209,12411758
10192209,11408727
10192209,8309625
10192209,8725895
8702415,8669492
8702415,7992850
8702415,7970234
8702415,9292870
8702415,8525796
11898555,11816786
11898555,11683989
11898555,12355988
11898555,10230703
11898555,11535112
10880397,12890772
10880397,9236226
10880397,12761223
10880397,11706973
10880397,9678319
11476599,9547235
11476599,12486146
11476599,12609489
11476599,12901842
11476599,12077215
9340870,12451676
9340870,12629906
9340870,9218645
9340870,10624576
9340870,10329743
8644745,9012418
8644745,9539409
8644745,10609670
8644745,9674791
8644745,9343467
11673588,11673590
11673588,11940690
11673588,8929157
11673588,7487559
11673588,11482130
10212558,9700658
10212558,7532337
10212558,11193807
10212558,8820179
10212558,10671644
8961669,11470958
8961669,11576650
8961669,12629906
8961669,9333264
8961669,7952845
7972031,7891887
7972031,8313935
7972031,9265639
7972031,7566652
7972031,7761390
12067484,12486146
12067484,11193807
12067484,11464462
12067484,12451108
12067484,10936884
7814023,12957508
7814023,9369084
7814023,8848271
7814023,11775232
7814023,9850873
11715112,10712207
11715112,9333264
11715112,9718053
11715112,8128960
11715112,9718052
9547235,12950448
9547235,11476599
9547235,12609489
9547235,11578777
9547235,9880043
8692753,10912914
8692753,7695621
8692753,7853720
8692753,12355988
8692753,9791536
7964823,7951679
7964823,8947284
7964823,9369084
7964823,8848271
7964823,10687744
7473659,7824157
7473659,9369084
7473659,7970216
7473659,8069300
7473659,8624095
11936240,9280167
11936240,8871590
11936240,7670501
11936240,10462111
11936240,11378247
8544899,7740560
8544899,10912914
8544899,12787320
8544899,7992850
8544899,9040748
8024269,8128960
8024269,7609909
8024269,8804993
8024269,8069300
8024269,7944299
10772123,10681402
10772123,7612383
10772123,8741132
10772123,9562306
10772123,12536572
11173875,10525981
11173875,9700208
11173875,11305015
11173875,7751846
11173875,11113217
8971103,8614504
8971103,9674794
8971103,9137113
8971103,9343467
8971103,9621997
12533085,9678311
12533085,12123847
12533085,12581338
12533085,12147333
12533085,12709467
11715411,10194255
11715411,11769703
11715411,9484359
11715411,8730823
11715411,9003488
9658938,7582040
9658938,9877525
9658938,10488446
9658938,11925775
9658938,10349334
10936877,12614323
10936877,9811931
10936877,7729825
10936877,11095526
10936877,9425904
11273064,12123862
11273064,12782345
11273064,10462111
11273064,10953177
11273064,7964823
8083685,11523146
8083685,8083687
8083685,9125900
8083685,11447828
8083685,8083686
10818505,11676291
10818505,10436115
10818505,9189032
10818505,10411341
10818505,7654074
8546162,9369084
8546162,12355988
8546162,8872415
8546162,8833436
8546162,9137113
11920850,12471457
11920850,12787320
11920850,11807900
11920850,9700208
11920850,10483785
7696609,10912224
7696609,8624094
7696609,9532343
7696609,8977148
7696609,7654070
7992850,7951676
7992850,8702415
7992850,8846238
7992850,7891871
7992850,8669492
7603172,7715296
7603172,11930162
7603172,7619525
7603172,9398632
7603172,9174000
8786847,9369084
8786847,12876259
8786847,7824157
8786847,10998553
8786847,8624095
9073026,10765057
9073026,7814023
9073026,9187933
9073026,9850873
9073026,11775232
9017975,11285089
9017975,10525981
9017975,9343467
9017975,11076057
9017975,9700208
8987775,9619150
8987775,11493026
8987775,8648331
8987775,9369084
8987775,11673590
10638195,7695621
10638195,9916507
10638195,10912914
10638195,10867785
10638195,9596412
11774719,11305015
11774719,12355988
11774719,12451676
11774719,10349334
11774719,9307578
8846238,8841967
8846238,7992850
8846238,8834536
8846238,9520006
8846238,8890772
10775535,11405810
10775535,9576554
10775535,9126060
10775535,9436726
10775535,9728943
9831993,9831992
9831993,9508150
9831993,9831994
9831993,9831995
9831993,8644717
9181358,9350853
9181358,9129722
9181358,7550352
9181358,9369084
9181358,9148246
12788204,12355988
12788204,11683989
12788204,11535112
12788204,9920359
12788204,9877525
11893834,8614504
11893834,12457072
11893834,9850873
11893834,9728943
11893834,10403716
9743577,10483785
9743577,12379263
9743577,9728943
9743577,12552038
9743577,11281316
8751868,8554056
8751868,7977363
8751868,9626772
8751868,7486872
8751868,10609670
10322238,11936239
10322238,9343467
10322238,12006218
10322238,9674794
10322238,9626772
11193808,7969418
11193808,9622609
11193808,7700444
11193808,8993483
11193808,10172880
9546293,9520006
9546293,7879604
9546293,9386771
9546293,12552038
9546293,8834536
12552038,14507342
12552038,9520006
12552038,7675243
12552038,10364641
12552038,10487843
10867785,8669492
10867785,10818499
10867785,12787320
10867785,9520006
10867785,8624096
9875528,9756330
9875528,8069300
9875528,8614504
9875528,12962909
9875528,9369084
7824157,8624095
7824157,9369084
7824157,10998553
7824157,8069300
7824157,8786847
10910426,7847867
10910426,11376902
10910426,8644717
10910426,9831992
10910426,11882744
12007670,11255448
12007670,11589917
12007670,12885570
12007670,12142731
12007670,12525890
9329686,8791246
9329686,7595642
9329686,9520006
9329686,8811505
9329686,10867785
9619150,11673590
9619150,9850873
9619150,10448801
9619150,9137113
9619150,8648331
9067471,8669492
9067471,10912914
9067471,8602762
9067471,11212354
9067471,12787320
9591838,10867209
9591838,10494348
9591838,9700658
9591838,8820179
9591838,8652146
8947284,10940674
8947284,9270069
8947284,11775232
8947284,9347936
8947284,8596269
7724603,12787320
7724603,8841664
7724603,10880397
7724603,10912914
7724603,9098525
12582468,11578751
12582468,10349334
12582468,9307578
12582468,10488446
12582468,12629906
8128315,8013374
8128315,11123907
8128315,11060356
8128315,7542371
8128315,10749663
8123007,9412500
8123007,9523562
8123007,11145984
8123007,12128082
8123007,9003067
7740560,8669492
7740560,12787320
7740560,8648331
7740560,8544899
7740560,7810577
10738542,10592684
10738542,9597090
10738542,7729825
10738542,8622392
10738542,9198315
9708953,9164326
9708953,10322238
9708953,7676127
9708953,12116196
9708953,9831992
7676127,7728146
7676127,7970208
7676127,9708953
7676127,8712790
7676127,10172880
8786409,10918055
8786409,8128315
8786409,10685028
8786409,12117549
8786409,11060356
10231806,9307578
10231806,10624576
10231806,12355988
10231806,11851296
10231806,9920359
9877525,12451676
9877525,10349334
9877525,10961427
9877525,11535112
9877525,12355988
7910910,7619017
7910910,8993479
7910910,7951679
7910910,7936253
7910910,8843828
7695621,8070517
7695621,10912914
7695621,9265639
7695621,9460714
7695621,10559559
11980062,11470958
11980062,11166730
11980062,8833436
11980062,8530010
11980062,9340870
8527231,11122698
8527231,11264988
8527231,10946021
8527231,9568731
8527231,10428071
11032626,10448801
11032626,10766901
11032626,9728943
11032626,11835377
11032626,9619150
9147408,8846237
9147408,9265639
9147408,9850873
9147408,9187933
9147408,7853720
8044413,8940294
8044413,9631384
8044413,10867209
8044413,8652146
8044413,8692753
12609489,9547235
12609489,14521991
12609489,12901842
12609489,12392781
12609489,12486146
10940674,8947284
10940674,11775232
10940674,9270069
10940674,11129109
10940674,9619639
8726148,8177532
8726148,8869295
8726148,8906609
8726148,9083560
8726148,8203459
11305869,10912914
11305869,9265639
11305869,10487842
11305869,9369317
11305869,12787320
11755000,11222634
11755000,9651008
11755000,7857652
11755000,11755001
11755000,7969426
12614344,12486146
12614344,12015813
12614344,12607822
12614344,11070505
12614344,9412500
12392781,12031891
12392781,12507771
12392781,12076977
12392781,12609489
12392781,12486146
9718052,9718053
9718052,9333264
9718052,10712207
9718052,8128960
9718052,12642767
11173876,11113217
11173876,9572586
11173876,10980578
11173876,9811931
11173876,12807963
12580698,9831993
12580698,12580702
12580698,9831992
12580698,12849539
12580698,9831994
9929677,9929680
9929677,8058160
9929677,12231459
9929677,8761956
9929677,11173877
12116196,10525981
12116196,9756330
12116196,12192621
12116196,9811931
12116196,11113217
10559556,9520006
10559556,9153523
10559556,10483785
10559556,9066358
10559556,12411758
11516561,10609670
11516561,10687744
11516561,9280168
11516561,11172628
11516561,11157409
10400250,9678311
10400250,9527138
10400250,11072138
10400250,8846237
10400250,10534256
8624080,8596645
8624080,8890772
8624080,7566000
8624080,9520006
8624080,12486146
9700208,9467014
9700208,12095653
9700208,8669492
9700208,12167762
9700208,10525981
10939571,10634455
10939571,9678311
10939571,11804704
10939571,11016543
10939571,9678319
8530010,7944299
8530010,8830319
8530010,10329743
8530010,9482248
8530010,9225693
9597090,9583189
9597090,10559561
9597090,11095526
9597090,12876259
9597090,7486872
8651641,9369084
8651641,8669492
8651641,8614504
8651641,11775232
8651641,12355988
8859062,10867779
8859062,9626772
8859062,9343467
8859062,9520006
8859062,9369084
9153643,8669492
9153643,9213069
9153643,9667603
9153643,11343827
9153643,10912914
10194255,8871590
10194255,9221977
10194255,9280167
10194255,11715411
10194255,10462111
7611715,7746463
7611715,8624095
7611715,8525799
7611715,8651641
7611715,8614504
8993479,8644717
8993479,9508150
8993479,9343467
8993479,9290497
8993479,7847867
9424665,10912224
9424665,7710373
9424665,7696609
9424665,7654070
9424665,8846238
9298817,9514597
9298817,11710891
9298817,11775232
9298817,8651641
9298817,9185685
9258912,9848097
9258912,7568158
9258912,11844476
9258912,8624080
9258912,11069947
8875468,7876895
8875468,9460714
8875468,8786385
8875468,9224523
8875468,9651008
12787320,8669492
12787320,10867785
12787320,10912914
12787320,9189032
12787320,7654074
7761390,10912914
7761390,7695621
7761390,9460714
7761390,7972031
7761390,8833436
12495082,11775232
12495082,10867779
12495082,10940674
12495082,9619639
12495082,10050959
9605496,7649988
9605496,11844476
9605496,8624078
9605496,7891887
9605496,8624076
11790235,11710891
11790235,9508150
11790235,9626772
11790235,11715112
11790235,7713402
8890772,8648331
8890772,9520006
8890772,8834536
8890772,8841967
8890772,8596645
12536572,11387943
12536572,7814023
12536572,11302074
12536572,10411671
12536572,10687744
8891070,8525803
8891070,8834536
8891070,9006661
8891070,9386782
8891070,8070517
10775884,9129962
10775884,11302074
10775884,11775232
10775884,12116196
10775884,10030402
8075630,8872415
8075630,8075646
8075630,9137113
8075630,9369084
8075630,8825894
11743951,9630508
11743951,10629142
11743951,10488949
11743951,12834112
11743951,12117549
10022033,11173877
10022033,12876259
10022033,10765057
10022033,10088051
10022033,12787320
7700444,11193808
7700444,7763336
7700444,7922348
7700444,8833436
7700444,10172880
11930145,12486146
11930145,14574626
11930145,12042316
11930145,9326295
11930145,12609489
10190327,10206226
10190327,9302273
10190327,10369830
10190327,11015454
10190327,11125748
9411578,10592634
9411578,7676127
9411578,10599813
9411578,9536099
9411578,10570512
8797010,9626772
8797010,7486872
8797010,11790212
8797010,7884953
8797010,9222173
11017931,10867785
11017931,11936240
11017931,12957508
11017931,10867779
11017931,12457072
8823200,9265639
8823200,7846048
8823200,9003062
8823200,7534068
8823200,8679539
9834545,8881379
9834545,12856536
9834545,12451676
9834545,12433263
9834545,9307578
11676291,10818505
11676291,10436115
11676291,10411341
11676291,8669492
11676291,12947160
10079962,8624097
10079962,7585009
10079962,9051750
10079962,12787320
10079962,7853720
7823376,9290497
7823376,9221977
7823376,9471175
7823376,8086986
7823376,9547474
9583189,9369084
9583189,7486872
9583189,8797010
9583189,8848271
9583189,11775232
8070517,7695621
8070517,9460714
8070517,9777946
8070517,10912914
8070517,11596149
10961427,9877525
10961427,12433263
10961427,9307578
10961427,12053131
10961427,9052714
8858183,9622609
8858183,9520006
8858183,9018389
8858183,8993478
8858183,9619150
11005255,11920850
11005255,10936880
11005255,10483785
11005255,7763336
11005255,7729825
8624078,8313935
8624078,9265639
8624078,7891887
8624078,8804040
8624078,11447827
12864777,9925654
12864777,8864947
12864777,7706948
12864777,8682150
12864777,10432380
10436064,9221767
10436064,9412500
10436064,9326451
10436064,8996815
10436064,11145984
10899434,7729825
10899434,7763336
10899434,11005255
10899434,11095526
10899434,12614323
11354629,8669492
11354629,9626772
11354629,10190327
11354629,10525981
11354629,11015454
8128960,8069300
8128960,9333264
8128960,7485228
8128960,8725748
8128960,8614504
8756999,9285479
8756999,8971103
8756999,9137113
8756999,7755725
8756999,9484353
9669695,11444802
9669695,9822164
9669695,12471457
9669695,9678319
9669695,12049183
10998553,9369084
10998553,7824157
10998553,8786847
10998553,8069300
10998553,8848271
7891887,7972031
7891887,9265639
7891887,7566652
7891887,9003062
7891887,8620924
8782820,11145984
8782820,10338292
8782820,11743999
8782820,9412500
8782820,9853706
10027549,11775232
10027549,10940674
10027549,11378247
10027549,9619639
10027549,9129962
8940032,10591674
8940032,8636429
8940032,8175773
8940032,9445249
8940032,8941642
7728146,8683540
7728146,8830319
7728146,9875528
7728146,8161573
7728146,8128960
9305342,8929157
9305342,10088051
9305342,8731381
9305342,8841967
9305342,8890772
9086466,7696597
9086466,10765057
9086466,12393935
9086466,8872419
9086466,9672379
10818513,10066860
10818513,9520006
10818513,8890772
10818513,7992850
10818513,12581338
7654074,8669492
7654074,10818505
7654074,9189032
7654074,12787320
7654074,8711797
9280167,8871590
9280167,9572591
9280167,7670501
9280167,10194255
9280167,10462111
8544551,8596645
8544551,7566000
8544551,9066369
8544551,8709704
8544551,9369084
11553277,10777685
11553277,12486146
11553277,10936884
11553277,11844476
11553277,14521991
12192621,10525981
12192621,9756330
12192621,11315514
12192621,12116196
12192621,12457072
10502286,11070505
10502286,9265639
10502286,9003062
10502286,10816430
10502286,11848621
8313935,7972031
8313935,8624078
8313935,9265639
8313935,9147408
8313935,9700655
8624095,7824157
8624095,7746463
8624095,9369084
8624095,8614504
8624095,8069300
9791536,12355988
9791536,10483785
9791536,8624098
9791536,12471457
9791536,8890772
9572591,8871590
9572591,9280167
9572591,7670501
9572591,9562467
9572591,9486483
11166730,11273064
11166730,12876265
11166730,10961667
11166730,12459519
11166730,8741397
7816154,8614504
7816154,9850873
7816154,8596645
7816154,9369084
7816154,7566000
11723294,9343467
11723294,11939894
11723294,9382479
11723294,9508150
11723294,11378846
9041854,9740113
9041854,12525890
9041854,11255448
9041854,8912490
9041854,10822427
9547474,8086986
9547474,10910426
9547474,11157409
9547474,8624079
9547474,9597090
8832646,9074395
8832646,9300650
8832646,10619631
8832646,10765057
8832646,9073026
7675243,9246676
7675243,12552038
7675243,9018389
7675243,8596645
7675243,8780111
10873585,11464464
10873585,11015454
10873585,8075646
10873585,11076057
10873585,9012418
10713392,10558867
10713392,11015454
10713392,8614504
10713392,11087769
10713392,9674791
9521254,8993489
9521254,10886308
9521254,8649552
9521254,10599773
9521254,8139083
7715296,7639323
7715296,7615568
7715296,8915608
7715296,12573540
7715296,9398632
9280168,10687744
9280168,10400221
9280168,11516561
9280168,11527492
9280168,11172628
8937829,11683989
8937829,12856536
8937829,10488446
8937829,9932417
8937829,12629906
12379263,10483785
12379263,10528114
12379263,9520006
12379263,10487843
12379263,9040748
9218507,11899259
9218507,9763475
9218507,11305869
9218507,12392766
9218507,11212354
7582040,10682216
7582040,10195399
7582040,8858181
7582040,9920359
7582040,10488446
8820179,7532337
8820179,9700658
8820179,11193807
8820179,10212558
8820179,10671644
7619017,8829725
7619017,8075630
7619017,8825898
7619017,8993479
7619017,7664194
9751196,9412500
9751196,11553277
9751196,9547235
9751196,9003067
9751196,10526094
11513353,9369084
11513353,11673590
11513353,12876259
11513353,12457072
11513353,9524800
7710373,7710374
7710373,8596645
7710373,7566000
7710373,9520006
7710373,9173910
10349334,10488446
10349334,11683989
10349334,9877525
10349334,9307578
10349334,10653281
12475089,9831815
12475089,11285089
12475089,11901276
12475089,11807900
12475089,11336076
7765750,8804040
7765750,8624078
7765750,8940294
7765750,11125144
7765750,7891887
11596149,8070517
11596149,9460714
11596149,7847069
11596149,7525898
11596149,11293821
10367700,11940690
10367700,11173877
10367700,8829725
10367700,11513353
10367700,7646655
10582625,12111863
10582625,10391478
10582625,12486146
10582625,10366621
10582625,11493026
8185566,8761338
8185566,11193807
8185566,11447828
8185566,11145984
8185566,8123007
9990558,10071711
9990558,9137113
9990558,9619150
9990558,12552039
9990558,11673590
8815160,9520006
8815160,9386771
8815160,8834536
8815160,12471457
8815160,8890772
10947802,11122341
10947802,10366621
10947802,10936880
10947802,12451108
10947802,10671320
8154882,9366728
8154882,8309625
8154882,9169250
8154882,8674441
8154882,9990558
10854569,12722978
10854569,11311545
10854569,11122341
10854569,11592113
10854569,10027417
7751846,11173875
7751846,12787320
7751846,11741391
7751846,11673590
7751846,10507547
9113034,9290497
9113034,12011307
9113034,11416775
9113034,9649761
9113034,10643890
8203459,7937774
8203459,7853720
8203459,10912914
8203459,12787320
8203459,8841664
11487050,10912914
11487050,10559559
11487050,7695621
11487050,12379263
11487050,12607822
8652146,7532337
8652146,11493026
8652146,8820179
8652146,10867209
8652146,8940294
12413003,11775232
12413003,9181359
12413003,12962909
12413003,10329743
12413003,10525981
9811931,10525981
9811931,9756330
9811931,11095526
9811931,9425904
9811931,12116196
10431657,10984073
10431657,11743999
10431657,11113336
10431657,7891887
10431657,10656299
9520135,9539409
9520135,8614504
9520135,9052712
9520135,11172628
9520135,14512715
8725748,8128960
8725748,9333264
8725748,10712207
8725748,7485228
8725748,8069300
12873803,9751198
12873803,12379263
12873803,12232782
12873803,10528114
12873803,9562467
8826994,9290497
8826994,9057170
8826994,7486872
8826994,9785148
8826994,7487559
7481373,12876259
7481373,8929157
7481373,8797010
7481373,8786847
7481373,8525796
8619535,11173877
8619535,11673590
8619535,7487559
8619535,8669492
8619535,9369084
10694577,11950276
10694577,10936880
10694577,10611368
10694577,10852539
10694577,12419536
11844476,7592957
11844476,8171342
11844476,9461617
11844476,9547235
11844476,11553277
7951679,7964823
7951679,8848934
7951679,10940674
7951679,12876259
7951679,10818508
11673590,9619150
11673590,9524800
11673590,12876259
11673590,8929157
11673590,11482130
12232782,10528114
12232782,12116196
12232782,12105308
12232782,11173876
12232782,9811931
9213859,8656944
9213859,8526476
9213859,8602063
9213859,8526475
9213859,9129729
12928915,11435901
12928915,12824768
12928915,11816789
12928915,11684351
12928915,12453676
9831995,9508150
9831995,9831994
9831995,9831993
9831995,9831992
9831995,9343467
9292886,8618881
9292886,7783963
9292886,10668702
9292886,11716140
9292886,10668703
9130294,9265639
9130294,10936880
9130294,7763336
9130294,12486146
9130294,9211985
12951193,9756330
12951193,10525981
12951193,11315514
12951193,11095526
12951193,11113217
9728943,10944562
9728943,8648331
9728943,8669492
9728943,10448801
9728943,9221969
7668835,7818244
7668835,9529753
7668835,8786847
7668835,8669492
7668835,8797010
8757051,9137113
8757051,11173877
8757051,9850873
8757051,9619150
8757051,8929157
11425936,10483785
11425936,11889238
11425936,10194255
11425936,11849755
11425936,10593304
9635475,7654070
9635475,12212789
9635475,10912224
9635475,8622392
9635475,8977148
12135350,8618855
12135350,8980023
12135350,9880043
12135350,9547235
12135350,11122341
9143266,8128960
9143266,12787320
9143266,9850873
9143266,10912914
9143266,12581338
7841371,8841967
7841371,7992850
7841371,7970234
7841371,12876259
7841371,12417379
9129962,7670501
9129962,10462111
9129962,8871590
9129962,9343467
9129962,10775884
7486872,8797010
7486872,9626772
7486872,11790212
7486872,7487559
7486872,9369084
10936880,12486146
10936880,10694577
10936880,11950276
10936880,9265639
10936880,12451108
10668702,10668703
10668702,11087768
10668702,11716140
10668702,8669492
10668702,9826113
8624107,14521991
8624107,11553277
8624107,12486146
8624107,8762193
8624107,12451108
9506546,11904138
9506546,11835377
9506546,9728943
9506546,11673590
9506546,10448801
10609670,9343467
10609670,8669492
10609670,9674791
10609670,9508150
10609670,9626772
9048987,9369084
9048987,10687744
9048987,11775232
9048987,9786612
9048987,7964823
9058415,12957508
9058415,9665654
9058415,10765057
9058415,10626834
9058415,7579137
10624576,12355988
10624576,12433263
10624576,12451676
10624576,9307578
10624576,12552037
12015813,10413465
12015813,9265639
12015813,11123940
12015813,9003062
12015813,8040342
11285089,8669492
11285089,9343467
11285089,10626834
11285089,9674794
11285089,9700208
9460714,11483304
9460714,8875468
9460714,9777946
9460714,10912914
9460714,8070517
8128961,9369084
8128961,11775232
8128961,9012418
8128961,8644717
8128961,8669492
11835377,10448801
11835377,10601411
11835377,9506546
11835377,9728943
11835377,10891924
7534068,7977635
7534068,9460714
7534068,9265639
7534068,8040342
7534068,8631862
7664194,7816154
7664194,9137113
7664194,7617191
7664194,9369084
7664194,9667569
11702052,9620064
11702052,9562467
11702052,8830319
11702052,9572586
11702052,9129722
11755017,12077730
11755017,11177205
11755017,12657895
11755017,11889238
11755017,12637699
8158809,9366728
8158809,7823376
8158809,8154882
8158809,8993483
8158809,9547474
10525981,9756330
10525981,12116196
10525981,12192621
10525981,11113217
10525981,11315514
12105308,11113217
12105308,11095526
12105308,10525981
12105308,10980578
12105308,12962909
9302273,10206226
9302273,10190327
9302273,9696068
9302273,10699053
9302273,12074828
8804040,8624078
8804040,11447827
8804040,9147408
8804040,7765750
8804040,7891887
10626834,9343467
10626834,11231028
10626834,9012418
10626834,11285089
10626834,8669492
10563653,10027555
10563653,12111439
10563653,11113217
10563653,12123862
10563653,10980578
12957508,7814023
12957508,9222173
12957508,9850873
12957508,9772023
12957508,7763336
8172944,8669492
8172944,10411671
8172944,9728943
8172944,9340872
8172944,9152721
11936239,10322238
11936239,9343467
11936239,9674794
11936239,10354518
11936239,12411758
8632166,7583250
8632166,8890772
8632166,9878186
8632166,8177532
8632166,7802679
8803820,9369084
8803820,11775232
8803820,8803817
8803820,8829725
8803820,8929157
10071712,8702415
10071712,12787320
10071712,7970234
10071712,12962909
10071712,9990558
7891871,7992850
7891871,8702415
7891871,7970234
7891871,10208640
7891871,9470136
12658281,14501024
12658281,11816788
12658281,12668899
12658281,12657430
12658281,11193807
10507547,9700208
10507547,9626772
10507547,11285089
10507547,9674791
10507547,11320185
7970208,8128961
7970208,7824157
7970208,9369084
7970208,8128960
7970208,8624095
8804993,8128960
8804993,11825674
8804993,10592690
8804993,7581381
8804993,10027549
9307253,10593304
9307253,10668702
9307253,9468467
9307253,8676723
9307253,9343467
11302074,7605379
11302074,12394840
11302074,11143490
11302074,11501342
11302074,10525138
8047277,7824157
8047277,8786847
8047277,9369084
8047277,8069300
8047277,8797010
11770221,12629906
11770221,8521945
11770221,12582468
11770221,11375142
11770221,12876550
12507914,12809979
12507914,12634421
12507914,9728943
12507914,11889238
12507914,10528114
9572586,11076057
9572586,10027548
9572586,9637403
9572586,9341576
9572586,11436129
10785619,11285089
10785619,9214529
10785619,8987775
10785619,11281316
10785619,10947802
7595656,9100668
7595656,9460714
7595656,8841664
7595656,9040748
7595656,10912914
8554056,8751868
8554056,10712207
8554056,9626772
8554056,7485228
8554056,7487559
7696597,8872419
7696597,8841971
7696597,10765057
7696597,8846237
7696597,10823584
11315514,11058789
11315514,10525981
11315514,9756330
11315514,12192621
11315514,12951193
8171342,7592957
8171342,11844476
8171342,9461617
8171342,9593678
8171342,10360679
10320795,9523562
10320795,10936880
10320795,10816430
10320795,11553277
10320795,10936884
9880043,9547235
9880043,11476599
9880043,8980023
9880043,11068149
9880043,12135350
7783869,9369084
7783869,8642164
7783869,11775232
7783869,10411671
7783869,9850873
9017530,12411763
9017530,11971084
9017530,8929157
9017530,10910416
9017530,9305342
8525796,8702415
8525796,12876259
8525796,8797010
8525796,8841967
8525796,7970234
9471175,12536572
9471175,11071064
9471175,10411671
9471175,8309625
9471175,9484353
9339270,9121226
9339270,9785148
9339270,9678311
9339270,9447442
9339270,9447448
10366621,12486146
10366621,10799751
10366621,14521991
10366621,12609489
10366621,11476599
9514597,11775232
9514597,9298817
9514597,12433263
9514597,9307578
9514597,9052714
8774959,9878186
8774959,10528114
8774959,12232782
8774959,11741391
8774959,8890929
10026381,10448801
10026381,10766901
10026381,9701675
10026381,9619150
10026381,11032626
9672379,12957490
9672379,7717688
9672379,9678311
9672379,11804704
9672379,9520072
8813351,8983040
8813351,9040748
8813351,12379263
8813351,10528114
8813351,12787320
12559836,11722612
12559836,11734357
12559836,12384263
12559836,12901842
12559836,12559837
9539408,12471457
9539408,10912918
9539408,8669492
9539408,9520006
9539408,10912914
11240021,12230303
11240021,9559926
11240021,12237848
11240021,9822164
11240021,11120597
8614504,9369084
8614504,8669492
8614504,9626772
8614504,8871590
8614504,8848271
8841967,8846238
8841967,7841371
8841967,8890772
8841967,12411758
8841967,8834536
9700658,10212558
9700658,7532337
9700658,8820179
9700658,11193807
9700658,10671644
9562467,8871590
9562467,10462111
9562467,9572591
9562467,9280167
9562467,10766998
11447826,11642543
11447826,9837937
11447826,11893773
11447826,11861652
11447826,11447828
10076900,10219785
10076900,11912108
10076900,11863377
10076900,11303757
10076900,11259129
9674791,9343467
9674791,9012418
9674791,8669492
9674791,10609670
9674791,9482681
9083560,9341932
9083560,8744405
9083560,8744406
9083560,9469259
9083560,10912914
10399868,9863603
10399868,10369830
10399868,10699053
10399868,9836756
10399868,10206226
9470130,8558171
9470130,9143263
9470130,12724118
9470130,9089676
9470130,9786245
10089003,9774779
10089003,11408789
10089003,11044587
10089003,9106747
10089003,10898905
8938267,9153643
8938267,9073034
8938267,9674791
8938267,11889238
8938267,9674794
12226533,12226532
12226533,12451108
12226533,9211985
12226533,12486146
12226533,8762193
8899655,10737125
8899655,7668834
8899655,11574101
8899655,10994644
8899655,9369084
8624097,7585009
8624097,10079962
8624097,9051750
8624097,8993479
8624097,9290497
11558492,12471457
11558492,11173875
11558492,12787320
11558492,11920850
11558492,10528114
7746463,8624095
7746463,7611715
7746463,7824157
7746463,8047278
7746463,9369084
9920995,10349334
9920995,11925775
9920995,12582468
9920995,11578751
9920995,12182886
7944299,9369084
7944299,7970216
7944299,8848271
7944299,7847867
7944299,8825898
10487844,7542371
10487844,12609489
10487844,11120597
10487844,11844476
10487844,11553788
12226532,12226533
12226532,12451108
12226532,12226534
12226532,12486146
12226532,11005255
10668703,10668702
10668703,12365882
10668703,11835370
10668703,10593300
10668703,8710076
11125748,10190327
11125748,10206226
11125748,11015454
11125748,10369830
11125748,10699053
12584430,11445256
12584430,9482681
12584430,9369084
12584430,8825898
12584430,9674791
9508150,9343467
9508150,8644717
9508150,11939894
9508150,11790212
9508150,10489042
9265639,9003062
9265639,10413465
9265639,10816430
9265639,11070505
9265639,12486146
8648331,9647302
8648331,9524800
8648331,8890772
8648331,11281316
8648331,9728943
8993478,8572669
8993478,12876259
8993478,8797010
8993478,12957508
8993478,12787320
8309588,8069300
8309588,9369084
8309588,11775232
8309588,7970216
8309588,11421127
9863603,10369830
9863603,10206226
9863603,10699053
9863603,10190327
9863603,10399868
11161595,9559926
11161595,11240021
11161595,9184634
11161595,11553277
11161595,12468034
9626772,9343467
9626772,8797010
9626772,8669492
9626772,7486872
9626772,11790212
8042921,9619150
8042921,7664194
8042921,8596645
8042921,7944308
8042921,8649585
8631862,9398632
8631862,9265639
8631862,8733730
8631862,7534068
8631862,11732920
7550352,9181358
7550352,9369084
7550352,8069300
7550352,8614504
7550352,9562467
10818510,12812866
10818510,10461029
10818510,10411671
10818510,10670439
10818510,7884953
8183036,8273205
8183036,11523146
8183036,8741397
8183036,9340872
8183036,12011307
11172628,11333435
11172628,14512715
11172628,8669492
11172628,9520135
11172628,10687744
12935416,11775232
12935416,11343837
12935416,11113217
12935416,11315514
12935416,11099722
9369084,8614504
9369084,8069300
9369084,8848271
9369084,11775232
9369084,8624095
9224643,9265639
9224643,11290387
9224643,10920030
9224643,7721816
9224643,10413465
9436725,9052712
9436725,10625715
9436725,11807900
9436725,8618665
9436725,10766901
11493026,11358444
11493026,8987775
11493026,12111863
11493026,11122341
11493026,11113336
8069300,9369084
8069300,8128960
8069300,7824157
8069300,8624095
8069300,8614504
7920638,9369084
7920638,8069300
7920638,8128961
7920638,8128960
7920638,11775232
10071711,9990558
10071711,12411763
10071711,11673590
10071711,9619150
10071711,8592548
10682216,8980016
10682216,12451676
10682216,9920359
10682216,10488446
10682216,12355988
10910416,7487559
10910416,9137113
10910416,9017530
10910416,11173877
10910416,8929157
9003488,9280167
9003488,7670501
9003488,10559561
9003488,8871590
9003488,9572591
10936886,10918055
10936886,9265639
10936886,8890929
10936886,10936880
10936886,11848621
11060007,10912224
11060007,7818249
11060007,8691961
11060007,9424665
11060007,7909036
11299424,9343467
11299424,8614504
11299424,8618665
11299424,10626834
11299424,9674791
8867586,11882522
8867586,11302074
8867586,12394840
8867586,10846860
8867586,11501342
9425904,9756330
9425904,10213175
9425904,9811931
9425904,10525981
9425904,11315514
10818507,12787320
10818507,9048759
10818507,12363410
10818507,10818505
10818507,9189032
11774713,8951889
11774713,12668899
11774713,12391602
11774713,12391598
11774713,12581343
9862642,8070517
9862642,14507342
9862642,12379263
9862642,10880397
9862642,10027417
12214015,10936881
12214015,10939571
12214015,9772023
12214015,12459889
12214015,9831633
7821387,9460714
7821387,7615568
7821387,7672107
7821387,9003067
7821387,11844476
8731381,8830309
8731381,8797010
8731381,8841967
8731381,7566000
8731381,7617191
8872415,9369084
8872415,8069300
8872415,7617191
8872415,8848271
8872415,7824157
8833436,7763336
8833436,8596645
8833436,8624080
8833436,9520006
8833436,9018389
10483785,12379263
10483785,8596645
10483785,8669492
10483785,9520006
10483785,12471457
8773610,9876967
8773610,7550352
8773610,8651653
8773610,9181358
8773610,9502209
8786396,11596149
8786396,8070517
8786396,7595656
8786396,9460714
8786396,8891070
10818499,10867785
10818499,8669492
10818499,12787320
10818499,10818505
10818499,7654074
8726460,9003062
8726460,12393935
8726460,9211985
8726460,9265639
8726460,10920030
10534164,12581338
10534164,12787320
10534164,10483785
10534164,10912914
10534164,9040748
8843828,7951679
8843828,9340872
8843828,8709703
8843828,12876259
8843828,8656943
9484359,12876259
9484359,9292870
9484359,10194255
9484359,11769703
9484359,8730823
7755355,8075646
7755355,10998553
7755355,9369084
7755355,8825894
7755355,7703749
8741397,11166730
8741397,11347179
8741397,8648892
8741397,7488135
8741397,10643890
9733229,12876259
9733229,10448801
9733229,10687744
9733229,10835442
9733229,9147873
9756330,10525981
9756330,12951193
9756330,10980578
9756330,9425904
9756330,11315514
11840304,11816788
11840304,11950276
11840304,11338204
11840304,12451108
11840304,10858588
11470958,11125144
11470958,11576650
11470958,11443731
11470958,12355988
11470958,8161573
8682647,8175773
8682647,9869645
8682647,9335533
8682647,7526899
8682647,7539827
12806589,10818534
12806589,12355988
12806589,10078062
12806589,12480755
12806589,10867200
9628766,11358444
9628766,11934472
9628766,10668702
9628766,10794857
9628766,11493026
11701639,10419818
11701639,12917433
11701639,12646385
11701639,10412731
11701639,11369806
10448801,8669492
10448801,10214736
10448801,9447442
10448801,11889238
10448801,10364643
10488446,10349334
10488446,10682216
10488446,12629906
10488446,12552037
10488446,8858181
12393935,8726460
12393935,9003062
12393935,9030704
12393935,7721816
12393935,9211985
12111863,10582625
12111863,11493026
12111863,12486146
12111863,12609489
12111863,12901842
10329743,9576554
10329743,11775232
10329743,9218645
10329743,9619639
10329743,8596269
10935434,9743563
10935434,9520006
10935434,12411758
10935434,12030413
10935434,8811505
9221969,8669492
9221969,9728943
9221969,8614504
9221969,11281316
9221969,11889238
12226534,12486146
12226534,12609489
12226534,12451108
12226534,9547235
12226534,12392781
7615568,7672107
7615568,7534068
7615568,9265639
7615568,9030704
7615568,8631862
11447827,8624078
11447827,8804040
11447827,7761390
11447827,10336256
11447827,8692753
12618306,12023056
12618306,10190327
12618306,11076057
12618306,10194255
12618306,10525981
7540552,8070517
7540552,11738469
7540552,12875979
7540552,7525898
7540552,8955927
8843827,9225693
8843827,11281316
8843827,8958361
8843827,9831633
8843827,9221977
10815129,9341576
10815129,11067868
10815129,10501182
10815129,10936878
10815129,7542371
7729825,7853720
7729825,11212354
7729825,7670501
7729825,10936877
7729825,9265639
8309587,8669492
8309587,7810577
8309587,11775232
8309587,9040748
8309587,12787320
9523562,9003062
9523562,9265639
9523562,8632164
9523562,10816430
9523562,11145984
7847069,10912914
7847069,9098525
7847069,9777946
7847069,9460714
7847069,11444802
9647302,8648331
9647302,11281316
9647302,12163621
9647302,8816305
9647302,9447442
12053131,12433263
12053131,12355988
12053131,9307578
12053131,9052714
12053131,12451676
8669075,11673590
8669075,8669492
8669075,8572669
8669075,11315514
8669075,8058160
9307262,9343467
9307262,9369084
9307262,9704150
9307262,9621997
9307262,7970216
12714797,8993489
12714797,10599773
12714797,11173877
12714797,12637119
12714797,12142731
9486746,9486747
9486746,9831993
9486746,9831992
9486746,9831994
9486746,9508150
10912224,7579137
10912224,7654070
10912224,7696609
10912224,9327086
10912224,7710373
12145452,9137113
12145452,9619150
12145452,9850873
12145452,11673590
12145452,9990558
8912482,9674794
8912482,8929157
8912482,9471175
8912482,9018400
8912482,10570512
9008509,9333264
9008509,8128960
9008509,9718053
9008509,10712207
9008509,7485228
7968026,11684342
7968026,7783958
7968026,9710033
7968026,7776813
7968026,9524247
7818244,7668835
7818244,7847867
7818244,9382479
7818244,9343467
7818244,8644717
11281316,9823831
11281316,8158175
11281316,8648331
11281316,9647302
11281316,12722493
10027555,11458997
10027555,9369084
10027555,11343837
10027555,11113217
10027555,12962909
9736756,8058125
9736756,10599878
9736756,10192208
9736756,12957499
9736756,8931004
9647321,10570509
9647321,12584430
9647321,9844031
9647321,11723294
9647321,9831633
10364640,12784029
10364640,11721146
10364640,12480755
10364640,11711225
10364640,10860300
7914580,8596645
7914580,7936253
7914580,10998553
7914580,8829725
7914580,8830309
10402500,10325447
10402500,9681640
10402500,10430422
10402500,10912224
10402500,11936239
8624098,7644022
8624098,8596645
8624098,10483785
8624098,9520006
8624098,8890772
9341576,9572586
9341576,11076057
9341576,9178861
9341576,9633759
9341576,10369887
8940294,8044413
8940294,7729825
8940294,8692753
8940294,9631384
8940294,9831633
10408574,10668701
10408574,10912914
10408574,10867785
10408574,12552038
10408574,12411758
10744589,12160362
10744589,11074789
10744589,10873585
10744589,10609670
10744589,11015454
9012418,9343467
9012418,9539409
9012418,11939894
9012418,9674794
9012418,8644745
11684904,9012418
11684904,10626834
11684904,11015454
11684904,10190327
11684904,8128961
14574626
12011307
12402229
10766403
12552039
10559561
9566384
12465441
10413774
9592052
9524247
11458997
8871590
8747858
11755001
9224523
7857652
10718322
9649761
10599773
9181359
10593304
8676723
10912918
12037434
8632164
9164326
7703749
10625715
8929157
9763475
10936878
9777946
8803817
10050959
11343827
11482130
9187933
9837937
9089676
11746653
9625186
9630508
9916507
9869645
12971913
9125318
9740113
10430421
10526094
9786245
12580702
9568731
9855543
10592684
11844869
11940689
9743578
8687416
12030413
8744402
12951205
8526475
9129729
11848621
10336256
9121705
9524800
8906609
10534256
7488135
8864947
11113336
12682309
10994644
8649552
11358444
11193147
9409253
12950448
10685028
10920030
9126060
11523146
12555245
11122341
11256794
8744406
9710033
11255448
10766998
11807900
12182886
10771168
11068149
8083686
12876265
9566379
8733730
7700596
8651653
9447448
10319883
12076977
10746604
11387943
10822352
12433260
11045665
11290387
11483304
7525898
9823831
11816794
11722612
9329486
10430422
14511323
11145984
11565608
12637119
8993483
8602762
7487559
12459889
7526899
9862571
11904138
8871952
12192623
12123847
9559926
9559653
7612383
10369887
9185685
10629142
12541014
9327723
9236226
9006661
7755725
8890599
9350853
9486483
7824144
11925775
11376902
8929997
9812182
12117549
9106747
10591674
10364643
12826741
8659934
8811124
10186439
8592548
11122698
12637699
10823584
11790212
11861652
11698154
11264988
8939277
11790634
11436129
12212789
9033257
11222634
11734357
10436115
12363410
10208278
10567488
8786379
10487842
9878186
10488949
10818526
11378247
12901842
9073034
10505604
9246676
9549589
9057170
10027548
11578751
9740234
9403708
10970054
9412500
10213175
7574461
8709704
11988340
12890772
9562306
10195399
8642164
9520072
7876895
12957490
10777685
9651008
7853700
8521945
9848808
10953177
12634421
12722978
11882522
10851367
10197814
11822882
12128082
11443731
9693262
10918055
9033259
7776813
11739991
8177532
12105373
12095226
8618855
7909036
11592113
12230303
12657430
8058125
11123940
10501182
7566652
9143263
7706948
11769625
8892351
8993485
8977148
10737125
9502209
9681640
11769703
12411758
12031891
10525138
10461029
11320185
10961667
12761223
8071310
10737693
8525799
12901781
11303757
7710374
8762193
8013374
8042228
11992623
10599878
7474917
12498968
11711530
8674441
9780089
12365882
12876259
9066358
10489042
11293821
10428071
8576504
7700578
9223597
9326451
9270069
9767914
11556686
9214529
9447442
9427340
9468467
8710077
11110974
9700655
10912914
9774779
12812866
11007687
9562469
9588907
11442298
7802679
11743999
11435901
11143490
11576650
9024330
12668899
12607822
10490274
9853706
12237848
9929679
12876550
14512715
12782345
10861213
11732920
8786385
10681402
9237487
12875979
11377835
11825674
11496365
12459519
10587578
10501208
12433263
9259370
11721146
10462111
10030402
8744405
11123907
9925654
9831815
10749663
12453673
7847865
7568158
9876966
10214736
9347936
8773602
9422368
10811879
12581338
9198315
9689449
10558867
10869806
11125144
9751198
7879604
9121226
10501193
9219874
10474059
9536099
10428074
11333435
11895043
8761338
10818508
11986126
12807963
7824200
9782459
10369305
10818534
9153464
9333264
11165374
8633046
8083687
12882964
7595642
8309625
10421878
8941642
9461617
10570512
9853024
10858588
9189032
12944519
7539827
10081980
12161276
9218645
8624094
10400221
12646385
8931004
10855603
7818636
12077730
12480755
8710175
9667569
7605379
10412731
9366728
8816305
10765057
9854388
7818249
11405810
11408789
8656944
7846048
9603433
10766901
12391602
8912490
9822164
9074396
11129109
8526476
11971084
9386782
11698153
8869295
9219743
7721816
8558171
10360679
7951676
10846860
10668705
10732806
9174000
7581381
11072138
11369806
9013407
9052712
8710076
10818140
12023056
11454984
7700597
11706973
10619631
10411341
14521991
9836756
7936857
12709467
10835442
12468034
10687744
9340872
8525803
12374623
10867200
9165306
12049183
10219785
12417380
11259129
11574101
11738469
11375142
10799751
11173877
10737120
12581343
9445249
10592690
9598682
11940690
8730823
12451676
10998477
10391478
11058789
7888092
11035488
10737615
10637933
8622392
12824768
11087769
11642543
12559837
12670700
12230301
11074789
10422994
11987699
11408299
7898715
8996815
9383026
8951889
7592957
9066369
11941486
11711225
12000192
10670439
12885570
11273849
11716140
12947160
9018400
9681639
12417379
8648892
8682150
8780111
8980023
7566008
10652986
11816789
9633759
12147333
8958361
12231459
12392766
9221767
11710891
11177205
12457072
11940706
8890795
10230703
9222173
10500259
10984073
8841971
10487843
12384263
9660395
10946021
8173818
9804121
12163621
9826113
9622609
8649585
12834112
12142731
12724118
12111439
12074828
11939894
10541592
12115887
7637575
11756600
9621997
11778650
10737598
12782758
10794857
8618665
9781520
11257253
10192208
9696068
12552037
9014911
11851296
12376533
9125900
9178861
10413465
9003067
8656943
7673184
11378241
11087768
10354518
9213069
7810577
7668834
11360807
12490529
12394840
10571241
9576554
9667603
11448080
8139083
11231028
9932417
12391598
10767725
10668701
11403971
11598497
12917433
9536100
10454160
11115331
11899259
10494348
11430905
8158175
9051750
8846237
11893773
12849539
7583250
11044587
11741391
10078062
9349544
11869551
11890488
10886308
12405544
8872419
10653281
8691961
9539409
9674794
10465706
10439444
10634455
9929680
11311545
12495080
7977363
9850873
10172880
11464462
10411671
10190820
8915608
8881379
10592634
11571321
12525890
10206226
10192210
10712207
9258256
12810610
11684351
10432380
9743563
10898905
11347179
11113612
9484353
8725895
8980016
7970216
11445256
7783963
9532343
8683540
11527492
11835370
12077215
8711797
12453676
11849755
10699053
11120597
9292870
8880693
7783958
10636159
8811505
12042316
9341932
10593300
11016543
9152721
9148246
9398632
11589917
11882744
11578777
12722493
8175773
8295635
9527138
9593678
9549720
11409442
9718053
9436726
11553788
11408727
9048759
7609909
8955927
9173910
7649988
10671644
11357958
7717688
11255440
12885574
7952845
10208640
11060356
9785148
10394937
12405546
12957499
11464464
10419818
11863377
9326295
10822427
11069947
11705626
11934472
9169250
8858181
8709703
9335533
9620064
12784029
11893839
11684342
10025785
12548360
11912108
9015824
8834536
12573540
10891924
12833577
12507771
8636429
12112161
11067868
14507342
11041282
11901276
11930162
11132184
12006218
7542371
8620924
8602063
9631384
12642767
9848097
9786612
10959835
10599813
9637403
8712790
9469259