8833657	14520693
8833657	9322955
8833657	12525256
8833657	11262195
8833657	8188767
12019176	10232609
12019176	11102895
12019176	10851068
12019176	12168088
12019176	12581018
11005099	11260861
11005099	12530085
11005099	10917054
11005099	9231155
11005099	9591538
12890810	10611187
12890810	7593132
12890810	11223541
12890810	11020056
12890810	11102895
8626706	8675593
8626706	8646598
8626706	10545285
8626706	8188767
8626706	10974650
12414625	11704861
12414625	9815941
12414625	14534541
12414625	12960057
12414625	12776186
12188907	9831246
12188907	12556535
12188907	14528284
12188907	12360481
12188907	12379772
7624149	7959292
7624149	7959284
7624149	7977648
7624149	12112314
7624149	7509629
9815544	8609661
9815544	7525978
9815544	9842972
9815544	12150454
9815544	14534541
7529048	8732665
7529048	7529049
7529048	11774034
7529048	10232609
7529048	11223541
9545345	10674396
9545345	10816436
9545345	9852124
9545345	11559546
9545345	9832424
11500939	11559546
11500939	10207053
11500939	12138094
11500939	11594774
11500939	11274216
12767520	10699960
12767520	9883987
12767520	11704861
12767520	8626686
12767520	11498020
9699666	11559546
9699666	10766344
9699666	11704861
9699666	9056422
9699666	10642432
10669726	11546773
10669726	9545345
10669726	10674396
10669726	10847581
10669726	9852124
9342439	9342440
9342439	9488037
9342439	11879554
9342439	10430101
9342439	12897145
11376126	10967123
11376126	12867429
11376126	11559546
11376126	10602507
11376126	11337496
14534541	10319328
14534541	11489838
14534541	9545345
14534541	10077005
14534541	11479214
11788654	10229198
11788654	11376121
11788654	10207053
11788654	12447687
11788654	12138094
12746329	11713209
12746329	10846175
12746329	9633824
12746329	11278691
12746329	12447687
12566306	11559546
12566306	9205064
12566306	11149601
12566306	9545345
12566306	12776186
9515800	11872675
9515800	11559546
9515800	9545345
9515800	7788852
9515800	7665217
10720068	9821177
10720068	11334418
10720068	10484052
10720068	11287353
10720068	9166674
10435587	10757056
10435587	9205049
10435587	8692980
10435587	11689295
10435587	11870540
12489029	12360481
12489029	8674059
12489029	14559833
12489029	12068000
12489029	12138094
12031683	11368881
12031683	11342260
12031683	10383152
12031683	7589243
12031683	10726973
8665514	11145562
8665514	9492043
8665514	12444079
8665514	8710868
8665514	12750288
12379772	12374697
12379772	12937141
12379772	10690548
12379772	10777488
12379772	8909524
10766344	11950959
10766344	11896447
10766344	8692980
10766344	10676665
10766344	11559546
8145772	8923458
8145772	9671232
8145772	11559546
8145772	8828463
8145772	9205064
8710868	12444079
8710868	8873895
8710868	10720440
8710868	8175666
8710868	7791758
12641820	11081412
12641820	7593132
12641820	11161964
12641820	9640416
12641820	9387030
12105987	12566306
12105987	11923875
12105987	11494131
12105987	12489029
12105987	12876069
10851068	11212254
10851068	12019176
10851068	11145562
10851068	11278691
10851068	11313980
9056422	9205064
9056422	9815941
9056422	11559546
9056422	11479214
9056422	9311601
11988840	12937141
11988840	12545153
11988840	12482909
11988840	12754739
11988840	12855680
12447687	12138094
12447687	11500939
12447687	10207053
12447687	11788654
12447687	12888657
11577168	12767520
11577168	12917202
11577168	12417786
11577168	12466336
11577168	10234899
8595162	9553667
8595162	8616829
8595162	10619489
8595162	8616830
8595162	11457860
11885994	12195157
11885994	10830573
11885994	10849571
11885994	9413957
11885994	11223541
8607861	9766646
8607861	11205897
8607861	9815813
8607861	11291931
8607861	9333017
10919668	11071655
10919668	11559546
10919668	12538620
10919668	11023522
10919668	11416032
9815941	9056422
9815941	9205064
9815941	11559546
9815941	9311601
9815941	11479214
10791772	11559546
10791772	9516080
10791772	11102895
10791772	11479214
10791772	10319328
9516080	11559546
9516080	9056422
9516080	10791772
9516080	11102895
9516080	12438247
11149601	11559546
11149601	9545345
11149601	10674396
11149601	11245436
11149601	12566306
11828267	11267857
11828267	12473592
11828267	9842972
11828267	12473575
11828267	8609661
9311601	9205064
9311601	11559546
9311601	9056422
9311601	9815941
9311601	9852124
8286193	7529048
8286193	8732665
8286193	9331099
8286193	9413807
8286193	9331100
9394418	9704714
9394418	9469330
9394418	11859875
9394418	10507775
9394418	11398888
10459850	10940495
10459850	7527408
10459850	7523316
10459850	11041233
10459850	9357999
12193537	8620490
12193537	8796841
12193537	9130892
12193537	8205537
12193537	7627387
10985759	9048593
10985759	10569999
10985759	9729323
10985759	9539310
10985759	10092114
10674396	11384880
10674396	9892013
10674396	9545345
10674396	12503617
10674396	10499513
10401676	10430101
10401676	11376121
10401676	12138094
10401676	11788654
10401676	8205537
12360481	14559833
12360481	12489029
12360481	14583467
12360481	8674059
12360481	12068000
10950308	11001824
10950308	8989772
10950308	9076342
10950308	12767520
10950308	7497000
10676665	11896447
10676665	11950959
10676665	8692980
10676665	10766344
10676665	8069850
12543777	12372686
12543777	11163495
12543777	12750239
12543777	12910533
12543777	10734317
10229198	11788654
10229198	10207053
10229198	12447687
10229198	12138094
10229198	11376121
12941837	8674059
12941837	11752009
12941837	10766344
12941837	8806109
12941837	14559833
9205064	11559546
9205064	10207105
9205064	11872675
9205064	9852124
9205064	12776186
11212254	12592384
11212254	12149650
11212254	11559546
11212254	12876289
11212254	11309283
8692980	11145562
8692980	7758167
8692980	11950959
8692980	8625368
8692980	9159164
11453542	11778548
11453542	11716549
11453542	9679929
11453542	11781836
11453542	8620490
10026153	11884618
10026153	9202243
10026153	9452421
10026153	9506989
10026153	8603569
10427145	9205064
10427145	11559546
10427145	11145572
10427145	9150190
10427145	11940579
11694888	11591350
11694888	10368301
11694888	9312016
11694888	11124964
11694888	11135668
12374697	12379772
12374697	12937141
12374697	10931447
12374697	10777488
12374697	12746434
12937141	12374697
12937141	12379772
12937141	12593846
12937141	12401798
12937141	12533667
12438247	9056422
12438247	7664648
12438247	11704861
12438247	9516080
12438247	9699666
12888657	12571082
12888657	11559546
12888657	12121883
12888657	14522909
12888657	11416032
11559546	12566306
11559546	12776186
11559546	12543789
11559546	11245436
11559546	9205064
14520693	11559546
14520693	8833657
14520693	12149131
14520693	12566306
14520693	8188767
11507082	10232609
11507082	10850457
11507082	10830316
11507082	12839944
11507082	12539223
7743492	8646598
7743492	8620490
7743492	9322955
7743492	12937141
7743492	9539310
9413807	10702400
9413807	7585609
9413807	8883970
9413807	9408753
9413807	12547158
10430101	10401676
10430101	12138094
10430101	11559546
10430101	11149601
10430101	11102895
9766646	8607861
9766646	10674396
9766646	9545345
9766646	9648831
9766646	9832424
10438568	10430101
10438568	12138094
10438568	12374697
10438568	11278392
10438568	9622092
11245436	11559546
11245436	10674396
11245436	12543789
11245436	11228049
11245436	12592384
10207053	12138094
10207053	11500939
10207053	11559546
10207053	10229198
10207053	11884618
7664648	11950959
7664648	7758167
7664648	10766344
7664648	8174129
7664648	12438247
11384880	10674396
11384880	9892013
11384880	10499513
11384880	9065466
11384880	9545345
9850076	11950959
9850076	10766344
9850076	11150434
9850076	10766352
9850076	10383152
11102895	11559546
11102895	11479214
11102895	9205064
11102895	10319328
11102895	10791772