9234794
10364505
11883199
12033769
9060658
8806551
7494284
7666533
9018146
9060652
10873782
8973339
9557678
9420209
12033775
7745672
11886254
11581419
8178438
7815562
8525612
12482659
9032384
11682199
8957670
10971133
11044077
12208977
12533712
8615005
11289806
9261437
7831768
8551571
11163673
9811779
11499923
7561785
9650960
7778283
11602792
11158207
12840887
9343214
10233949
8709207
8957669
11040122
9568045
8764516
10364381
9784363
9636375
12663770
12560332
12706096
12566713
9465097
11878901
8139029
9469843
11121865
14517069
7491757
11287582
8200503
12857908
11967289
12584306
7523700
10712890
10559364
8289365
8825715
8601783
12663788
10362134
7595373
10918034
10573627
7933109
11243812
9311816
12890615
11145916
12610128
8151305
11160736
12050360
9372953
8553535
12518224
9298727