9427340,Infinity
10192209,5.1440329218107E-4
7773573,5.1440329218107E-4
10980578,Infinity
11256794,4.3724279835390947E-4
8649552,0.018092293086432305
9547235,Infinity
8642164,8.744855967078189E-4
12495080,4.3724279835390947E-4
10746604,Infinity
8912482,5.1440329218107E-4
9326295,4.3724279835390947E-4
8633046,0.0011805555555555554
9329722,5.1440329218107E-4
11067868,8.088991769547326E-4
12552037,Infinity
9880043,Infinity
8295635,0.003286184798345713
10490274,0.01041292975168173
8290946,0.0038005880905267833
14521991,Infinity
11193808,0.0034289317119259597
11596149,Infinity
9635475,9.516460905349796E-4
12722978,4.3724279835390947E-4
11016543,Infinity
7853720,Infinity
10749663,8.088991769547326E-4
11716140,0.044019444303955726
8983040,0.0034289317119259592
11770221,5.1440329218107E-4
9630508,4.3724279835390947E-4
8951889,0.0037234275966996225
7969418,0.0038661745102798696
7922348,0.0034289317119259597
10867209,Infinity
10400221,0.0029145284197448895
12559837,4.3724279835390947E-4
7574468,Infinity
10076900,5.1440329218107E-4
11447827,Infinity
12957490,0.001246141975308642
9853706,0.019382108633272364
12714797,5.1440329218107E-4
8731381,Infinity
10656299,0.005004578847240214
7729825,Infinity
9508150,Infinity
9831815,0.0016833847736625513
9520006,Infinity
10570509,9.516460905349796E-4
11930162,4.3724279835390947E-4
9008509,5.1440329218107E-4
12812866,0.0029145284197448886
9048759,4.3724279835390947E-4
12806589,5.1440329218107E-4
11458997,1.470775661825695E169
9862642,5.1440329218107E-4
9878186,Infinity
8154882,9.516460905349796E-4
10329743,Infinity
8185566,5.1440329218107E-4
8757051,5.1440329218107E-4
9721442,5.1440329218107E-4
10501193,4.3724279835390947E-4
7765750,Infinity
8172944,5.1440329218107E-4
12417379,Infinity
12709467,4.3724279835390947E-4
10668703,0.04497109039449071
8624094,Infinity
12475089,5.1440329218107E-4
9484359,Infinity
11436129,Infinity
12365882,0.038225299488396106
10653281,Infinity
11435901,4.3724279835390947E-4
10947802,0.0013233024691358024
10190820,8.088991769547326E-4
10679292,5.1440329218107E-4
9017530,1.0236866606476878E201
10487843,Infinity
7724603,5.1440329218107E-4
9113034,5.1440329218107E-4
11129109,Infinity
9211985,Infinity
11041282,Infinity
8544899,0.0139319895377653
8993483,0.01030582576253054
9033259,8.088991769547326E-4
9596222,5.1440329218107E-4
9785148,Infinity
7818703,5.1440329218107E-4
10624576,Infinity
9225693,2.2971017883045625E182
10818508,9.254754376466306E169
11122949,Infinity
8682647,5.1440329218107E-4
11556686,0.001246141975308642
9990558,3.555226462468326E200
7898715,Infinity
12405546,8.088991769547324E-4
9175590,5.1440329218107E-4
8530010,4.1392343953307687E182
7485228,Infinity
10604441,5.1440329218107E-4
7847867,Infinity
7534068,3.2791548058144085E275
11303757,0.010864074421271585
12541014,4.482466097447577E77
9660395,8.088991769547326E-4
7566000,Infinity
9295092,5.1440329218107E-4
10461029,0.0029145284197448886
11403971,3.115363164683521E77
10785619,9.516460905349794E-4
12471457,Infinity
9089676,8.088991769547324E-4
10619631,0.0029145284197448903
12128082,8.088991769547326E-4
9929679,Infinity
11470958,7.620333001095676E77
12419536,Infinity
7969426,0.0034289317119259597
7696597,9.516460905349794E-4
10637933,4.3724279835390947E-4
7770005,5.1440329218107E-4
14507342,Infinity
10880397,0.0018261316872427984
11930145,5.1440329218107E-4
12788204,Infinity
10219785,4.3724279835390947E-4
11807900,0.012400603000132862
8912490,4.3724279835390947E-4
11899259,4.3724279835390947E-4
7595656,4.482466097447577E77
11476599,Infinity
9325076,0.0034289317119259597
11920850,0.007683239114326671
11941486,4.3724279835390947E-4
9033257,4.3724279835390947E-4
8744405,8.088991769547326E-4
10369830,Infinity
8899655,5.1440329218107E-4
9592052,4.3724279835390947E-4
9470136,Infinity
7810577,0.010940237088801064
11448080,0.004052932756705236
11378241,Infinity
10737120,4.3724279835390947E-4
11193807,Infinity
9862571,4.3724279835390947E-4
7703749,Infinity
9024330,0.0029145284197448903
12163621,Infinity
12807963,Infinity
12417380,8.744855967078189E-4
9292886,0.0063438650586090314
9403708,Infinity
7646655,9.516460905349796E-4
9572586,Infinity
11523146,8.744855967078189E-4
11087768,0.03862715900413809
10777685,Infinity
8602063,4.3724279835390947E-4
9018389,Infinity
7847865,4.3724279835390947E-4
7857652,0.0029145284197448903
9066363,5.1440329218107E-4
12135350,Infinity
8993478,0.022654623127623653
8572669,0.025533062811267278
10823584,Infinity
11315514,Infinity
10712207,Infinity
8624079,0.006264690661473162
8042228,4.3724279835390947E-4
9780089,4.3724279835390947E-4
7846048,0.005829183910274132
8848271,Infinity
9153535,5.1440329218107E-4
9572591,Infinity
9696068,Infinity
12037434,4.3724279835390947E-4
10534164,9.516460905349796E-4
11333435,0.021908101935109243
8624107,5.1440329218107E-4
10494348,Infinity
8527231,5.1440329218107E-4
11416775,Infinity
10582625,Infinity
9559926,0.011221233032361054
10858588,4.3724279835390947E-4
10534156,5.1440329218107E-4
11017931,5.1440329218107E-4
11454984,4.3724279835390947E-4
9341932,8.088991769547326E-4
10599773,0.039300391157559476
11861652,4.3724279835390947E-4
9153643,0.0034289317119259597
11336076,9.516460905349796E-4
8980016,Infinity
10022033,5.1440329218107E-4
11173875,1.1194549980589757E136
12374623,0.006359936645190869
9040748,Infinity
10079962,Infinity
10737125,4.3724279835390947E-4
10886308,0.03886314835920557
11992623,4.3724279835390947E-4
12011307,0.002808191872427984
11790634,Infinity
12646385,4.3724279835390947E-4
7824200,Infinity
12782345,4.4973637419117715E169
9605496,5.1440329218107E-4
12123862,4.4973637419117715E169
11369806,4.3724279835390947E-4
11358444,Infinity
8651641,Infinity
8804040,Infinity
7542371,0.0020550411522633743
12053131,Infinity
11113336,Infinity
9307262,5.1440329218107E-4
8843827,5.1440329218107E-4
10867785,Infinity
8075630,0.0013233024691358026
14512715,0.041338950494352655
10558867,6.918612376763945E135
9173910,Infinity
8656943,8.088991769547326E-4
12142731,0.021645208838571853
7823376,9.516460905349796E-4
8624076,Infinity
8710076,0.039843097842305567
12433263,Infinity
9536099,4.3724279835390947E-4
9213069,0.003351771218098799
11565608,4.3724279835390947E-4
12782758,4.3724279835390947E-4
10336256,Infinity
9559653,4.3724279835390947E-4
10604440,5.1440329218107E-4
10935434,5.1440329218107E-4
10364643,Infinity
11285089,9.7223677419221E135
11173877,Infinity
8058125,4.3724279835390947E-4
9070638,5.1440329218107E-4
10910416,1.0236866606476878E201
7713402,9.516460905349796E-4
9929677,0.003428931711925959
8744406,8.088991769547326E-4
12115887,4.3724279835390947E-4
10432380,4.3724279835390947E-4
7891887,Infinity
10601411,1.7359548618153102E136
9704150,9.516460905349796E-4
10231806,5.1440329218107E-4
9619639,Infinity
8526475,4.3724279835390947E-4
8891070,0.0013233024691358024
9224643,5.1440329218107E-4
10027555,2.5718890205413552E169
7761390,Infinity
9218507,5.1440329218107E-4
11895043,Infinity
10025785,Infinity
11741391,Infinity
10079115,5.1440329218107E-4
9370233,0.0013233024691358026
9577654,5.1440329218107E-4
8846237,Infinity
10369305,Infinity
9147873,6.544372366075957E77
8620924,Infinity
10213152,5.1440329218107E-4
9672379,9.516460905349796E-4
10846860,4.3724279835390947E-4
8624078,Infinity
8811505,Infinity
9529753,Infinity
8825898,Infinity
9568731,4.3724279835390947E-4
8867586,5.1440329218107E-4
9791536,Infinity
12618306,5.1440329218107E-4
8813351,0.0034289317119259592
7751846,6.744838461019226E135
12580698,5.1440329218107E-4
10360679,Infinity
10685028,4.3724279835390947E-4
7746463,Infinity
9848808,Infinity
10851367,4.3724279835390947E-4
9689449,4.3724279835390947E-4
8069300,Infinity
7566652,Infinity
8161573,1.1026838453128233E78
9003062,Infinity
11007687,4.3724279835390947E-4
11513353,9.516460905349796E-4
9920995,5.1440329218107E-4
7670501,Infinity
11343827,Infinity
11445256,0.0015522119341563785
11240021,0.0063435872024552005
9831994,Infinity
12724118,8.088991769547324E-4
10381540,0.009196242179243232
9057170,Infinity
8869295,4.3724279835390947E-4
9836756,Infinity
10867214,0.0050045788472402155
12876265,0.010426831622917677
8070517,Infinity
9539408,5.1440329218107E-4
9185685,0.0029145284197448895
8993479,Infinity
10936886,5.1440329218107E-4
9549720,1.8120986636193063E136
12067591,5.1440329218107E-4
10194255,Infinity
9621997,0.006703669506981951
10320795,5.1440329218107E-4
9187933,Infinity
11710891,0.003351771218098799
9743563,4.3724279835390947E-4
8702415,Infinity
11940690,8.744855967078189E-4
9184634,0.0034289317119259597
11074789,4.3724279835390947E-4
9102150,5.1440329218107E-4
7488135,0.011315294353290904
11755017,5.1440329218107E-4
10998553,Infinity
10592690,0.001246141975308642
8679539,0.0034289317119259597
12935416,5.1440329218107E-4
10738542,5.1440329218107E-4
10428074,Infinity
9854388,4.3724279835390947E-4
10593304,8.744855967078189E-4
10765057,Infinity
8786409,5.1440329218107E-4
12123847,4.3724279835390947E-4
8682150,8.744855967078189E-4
8632164,0.0014964634773662552
9221767,4.3724279835390947E-4
12145452,5.1440329218107E-4
10840275,Infinity
9013407,8.088991769547326E-4
7952845,4.3724279835390947E-4
12392766,0.006280310813514309
7486872,Infinity
11378846,0.0016949588477366256
10652986,Infinity
8761338,4.3724279835390947E-4
10643890,0.012266940443825883
10172880,0.01008300780219997
9121705,Infinity
9863603,Infinity
11578751,0.0020550411522633743
10592684,4.3724279835390947E-4
10354518,3.555226462468326E200
12670700,4.3724279835390947E-4
8815160,5.1440329218107E-4
12657895,1.4540111320920983E136
12559836,5.1440329218107E-4
10687744,1.6183434215313793E170
9169250,0.001246141975308642
11711530,0.00825405155921619
11684342,4.3724279835390947E-4
11673590,Infinity
10422994,4.3724279835390947E-4
8083686,4.3724279835390947E-4
12864777,5.1440329218107E-4
10636159,4.3724279835390947E-4
10611368,Infinity
12232782,Infinity
12459889,Infinity
12067484,5.1440329218107E-4
7977363,0.0029145284197448903
10775884,1.4780260966122018E136
8659934,4.3724279835390947E-4
11338204,9.516460905349796E-4
7595642,Infinity
9130294,5.1440329218107E-4
11527492,0.0029145284197448895
7717688,8.088991769547326E-4
10462111,Infinity
9329686,Infinity
12031891,Infinity
7673184,4.3724279835390947E-4
9327086,Infinity
10705163,5.1440329218107E-4
9300650,0.0034289317119259597
11980062,5.1440329218107E-4
9018400,4.3724279835390947E-4
7592957,Infinity
11598497,4.3724279835390947E-4
9129729,4.3724279835390947E-4
8624080,Infinity
12657430,Infinity
12384789,5.1440329218107E-4
7936253,0.001388888888888889
8741397,0.013312183989172822
11193147,0.001393328832304527
11387943,3.489146313191512E135
11589917,4.3724279835390947E-4
12355988,Infinity
10501208,0.00825405155921619
9412500,Infinity
10835442,6.544372366075957E77
11904138,1.7359548618153102E136
8309588,5.1440329218107E-4
8083687,4.3724279835390947E-4
11255440,Infinity
9521254,0.021285126534045105
12629906,Infinity
8937829,5.1440329218107E-4
10391478,Infinity
9214529,8.088991769547324E-4
10559556,5.1440329218107E-4
10854768,5.1440329218107E-4
11734357,4.3724279835390947E-4
8940294,Infinity
12077215,Infinity
10681402,4.3724279835390947E-4
11095526,Infinity
9834545,5.1440329218107E-4
9647321,5.1440329218107E-4
10944562,Infinity
10818510,0.003428931711925959
7644022,Infinity
8791246,Infinity
10920030,0.004490175555059143
10638195,5.1440329218107E-4
7802679,0.0016177983539094648
12566177,5.1440329218107E-4
11035488,4.3724279835390947E-4
9125318,4.3724279835390947E-4
12182886,7.597829262131099E77
9822164,Infinity
7937774,Infinity
12411763,9.002149413675133E200
8947284,Infinity
9844031,9.516460905349794E-4
11165374,0.006359936645190869
12006218,1.8916964887384803E200
12007670,5.1440329218107E-4
9083560,9.516460905349796E-4
11343837,Infinity
10207721,5.1440329218107E-4
7951679,1.6183434215313793E170
8035940,5.1440329218107E-4
11496365,4.3724279835390947E-4
11408727,Infinity
9754236,5.1440329218107E-4
7566008,0.0037234275966996225
12609489,Infinity
11715411,Infinity
10408574,5.1440329218107E-4
9447448,4.3724279835390947E-4
12095226,4.3724279835390947E-4
11212354,Infinity
12826741,4.3724279835390947E-4
11721146,0.001246141975308642
8955927,4.3724279835390947E-4
12962909,Infinity
10699053,Infinity
11443731,5.513419226564116E77
10352866,0.0047682271841069076
11790212,Infinity
10421878,4.3724279835390947E-4
11257253,4.3724279835390947E-4
9708864,5.1440329218107E-4
10027548,Infinity
12147333,1.114269400981004E136
9237487,4.3724279835390947E-4
10998477,5.553828324384686E135
8139083,0.018092293086432305
11123940,Infinity
8761956,0.003428931711925959
7583250,4.3724279835390947E-4
10671320,0.007482278406106902
9667603,0.00291452841974489
7649988,8.744855967078189E-4
10192210,4.3724279835390947E-4
7944308,0.001760545267489712
8829725,0.0026350308641975313
7474917,0.0029145284197448903
9015824,4.3724279835390947E-4
11898555,0.0034289317119259597
9259370,4.1392343953307687E182
7891889,5.1440329218107E-4
8710077,Infinity
12875979,4.3724279835390947E-4
11592113,4.3724279835390947E-4
12111863,Infinity
7783869,5.1440329218107E-4
11115331,Infinity
9409253,0.0029145284197448903
10212558,Infinity
9811931,Infinity
9777946,Infinity
10349334,Infinity
12784029,4.3724279835390947E-4
11950276,Infinity
9436726,8.088991769547324E-4
9743578,4.3724279835390947E-4
12498968,4.3724279835390947E-4
12928915,5.1440329218107E-4
7615568,8.985445128936859E274
8040342,Infinity
9701675,9.009939690403057E77
9270069,Infinity
8171342,Infinity
10372566,5.1440329218107E-4
11305869,0.009258851899438725
8042921,9.516460905349796E-4
8071310,4.3724279835390947E-4
8644745,Infinity
12525890,8.744855967078189E-4
10420066,5.1440329218107E-4
8618855,Infinity
8915608,Infinity
8676723,4.3724279835390947E-4
10436064,5.1440329218107E-4
9674794,Infinity
8158175,Infinity
8993489,0.02443622447678497
9129962,8.986282996536297E135
8203459,Infinity
11409442,4.3724279835390947E-4
9566384,Infinity
9326451,4.3724279835390947E-4
10559559,Infinity
11125748,Infinity
7816154,0.004632137345679013
9524800,Infinity
8648892,0.011315294353290904
11743999,0.029093939169003505
8961669,5.1440329218107E-4
11377835,4.482466097447577E77
9740113,4.3724279835390947E-4
12944519,Infinity
9292870,Infinity
11068149,Infinity
10411341,Infinity
8780111,Infinity
12885574,4.3724279835390947E-4
10563653,5.1440329218107E-4
7920638,5.1440329218107E-4
7611715,Infinity
11701639,5.1440329218107E-4
11578777,Infinity
7755725,0.0029145284197448903
11940689,4.3724279835390947E-4
7700274,5.1440329218107E-4
7876895,Infinity
10799751,Infinity
9486746,0.0034289317119259597
7818244,Infinity
10186439,4.3724279835390947E-4
9527138,4.3724279835390947E-4
7970234,Infinity
10936884,Infinity
8872419,Infinity
11535112,Infinity
10818505,Infinity
9051750,Infinity
11060356,0.001246141975308642
10737598,8.088991769547326E-4
12957508,Infinity
12077730,4.3724279835390947E-4
7525898,Infinity
10399868,Infinity
10402500,5.1440329218107E-4
10775535,9.516460905349794E-4
9340872,0.004054333847736625
12116196,Infinity
9740234,0.0029145284197448903
9482681,Infinity
7710374,Infinity
8013374,8.088991769547326E-4
10668702,0.04544371647545658
10936881,Infinity
12413003,5.1440329218107E-4
10081980,4.3724279835390947E-4
12486146,Infinity
10984073,4.3724279835390947E-4
9398632,1.5398697191875235E275
11378247,0.001933706275720165
9178861,Infinity
8618665,Infinity
10625715,0.005432664350814853
8687416,0.0011805555555555554
9236226,0.0015522119341563785
9831633,Infinity
11216203,5.1440329218107E-4
9651008,Infinity
11464464,8.088991769547326E-4
7639323,1.1044381154508651E275
10626834,1.1777378412594898E136
11425936,5.1440329218107E-4
10483785,Infinity
11869551,0.0029145284197448903
9126060,8.088991769547324E-4
8859062,4.886127148582641E77
8773610,0.0034289317119259597
7532337,Infinity
11591456,4.482466097447577E77
7944299,Infinity
7879604,4.3724279835390947E-4
11182472,5.1440329218107E-4
12810610,4.3724279835390947E-4
10936878,8.088991769547326E-4
10818513,0.0034289317119259597
10411671,1.2623849952848276E136
10027549,0.0013233024691358026
7849527,9.516460905349796E-4
10367700,5.1440329218107E-4
11743951,5.1440329218107E-4
8526476,4.3724279835390947E-4
11070505,Infinity
8872415,Infinity
10718322,Infinity
8834536,Infinity
8128961,0.012386035041456361
12192621,Infinity
7568158,4.3724279835390947E-4
9189032,Infinity
9620064,4.3724279835390947E-4
11576650,5.513419226564116E77
9502209,0.0029145284197448903
7810590,0.0034289317119259597
9003488,Infinity
9329486,4.3724279835390947E-4
11173876,Infinity
9831993,Infinity
7818636,4.3724279835390947E-4
10940674,Infinity
11032626,0.008821220290597771
12480755,0.0016833847736625513
7891871,Infinity
10338292,0.015843518818962576
10818499,Infinity
8158809,5.1440329218107E-4
8774959,5.1440329218107E-4
8977148,Infinity
8173818,4.3724279835390947E-4
10766403,4.3724279835390947E-4
11715112,9.516460905349796E-4
12951193,Infinity
9876966,Infinity
12076977,Infinity
10855603,8.088991769547326E-4
10394937,4.3724279835390947E-4
7675243,Infinity
11325345,6.230726329367043E77
11299424,5.1440329218107E-4
11756600,4.3724279835390947E-4
9066369,4.3724279835390947E-4
12873803,5.1440329218107E-4
11166730,0.012266940443825883
8941642,4.3724279835390947E-4
9328480,5.1440329218107E-4
10629142,4.3724279835390947E-4
9436725,5.1440329218107E-4
8544551,5.1440329218107E-4
9486483,Infinity
9678319,Infinity
12226532,0.007683239114326671
11863377,8.744855967078189E-4
7814023,Infinity
10682216,Infinity
9877525,Infinity
11882522,4.3724279835390947E-4
9003067,0.0016833847736625513
8313935,Infinity
10818140,Infinity
10899434,5.1440329218107E-4
11290387,4.3724279835390947E-4
11531831,0.0034289317119259597
7540552,5.1440329218107E-4
11408299,8.088991769547326E-4
11501342,1.8212715638273627E136
8803820,5.1440329218107E-4
9006661,0.001124807098765432
9341576,Infinity
12030413,4.3724279835390947E-4
7478253,4.482466097447577E77
10806314,0.004768227184106905
9583189,0.00259529642489712
11746653,4.3724279835390947E-4
8709704,4.3724279835390947E-4
11848621,Infinity
9424665,9.516460905349796E-4
11405810,8.088991769547324E-4
7884953,Infinity
10325447,9.516460905349796E-4
11769625,4.3724279835390947E-4
9546293,5.1440329218107E-4
12533085,5.1440329218107E-4
9350853,Infinity
9837937,4.3724279835390947E-4
7579137,Infinity
9774779,4.3724279835390947E-4
9700208,Infinity
9469259,8.088991769547326E-4
11816788,Infinity
7617191,Infinity
10816430,Infinity
8712790,0.004253823891925835
8076181,5.1440329218107E-4
8726148,5.1440329218107E-4
8890929,0.001388888888888889
10488949,4.3724279835390947E-4
11125144,Infinity
7910910,5.1440329218107E-4
8546162,5.1440329218107E-4
10214736,Infinity
11844476,Infinity
10737693,4.3724279835390947E-4
10668701,4.3724279835390947E-4
10534256,4.3724279835390947E-4
8871952,4.3724279835390947E-4
10912224,Infinity
10230703,0.0029145284197448903
11264988,4.3724279835390947E-4
11840304,5.1440329218107E-4
10525981,Infinity
12582468,0.001388888888888889
9153464,Infinity
11778650,0.003327035108024692
14574626,4.3724279835390947E-4
9258912,5.1440329218107E-4
8726460,0.004768227184106905
8691961,4.3724279835390947E-4
10431657,5.1440329218107E-4
10772123,5.1440329218107E-4
12573540,2.2226250957766774E274
8871590,Infinity
9647302,Infinity
10671644,Infinity
7715296,4.954545258783486E274
10822352,0.0029145284197448903
8843828,9.516460905349796E-4
8890772,Infinity
9012418,Infinity
9875528,0.005004578847240214
9932417,4.3724279835390947E-4
10571241,4.3724279835390947E-4
10771168,Infinity
8733730,1.4984346870475252E275
8044413,Infinity
9925654,4.3724279835390947E-4
9637403,Infinity
11822882,3.115363164683521E77
11447828,0.0018261316872427984
12614323,Infinity
11769724,4.5049698452015285E77
9823831,Infinity
8651653,0.0029145284197448903
12363410,4.3724279835390947E-4
10319883,8.744855967078189E-4
9701681,5.1440329218107E-4
8820179,Infinity
12230303,0.005392049122086921
12230301,0.0011805555555555554
12453673,0.004052932756705236
10419818,8.744855967078189E-4
11172628,0.02577431137947657
9486747,0.0034289317119259597
9782459,4.3724279835390947E-4
11161595,0.0034289317119259597
11320185,2.576299043481812E135
11893834,5.1440329218107E-4
11882744,Infinity
9743577,5.1440329218107E-4
10413465,Infinity
9198315,4.3724279835390947E-4
12237848,0.005392049122086921
8622392,Infinity
12658281,Infinity
10668705,Infinity
12809979,0.0034289317119259597
9628766,5.1440329218107E-4
8971103,0.0034289317119259597
12192623,0.0029145284197448903
7695621,Infinity
12947160,Infinity
12555245,4.3724279835390947E-4
11464462,4.3724279835390947E-4
8875468,Infinity
8050887,5.1440329218107E-4
10526094,4.3724279835390947E-4
9494696,2.1511578763333054E200
10488446,Infinity
12453676,4.3724279835390947E-4
11774719,6.918612376763945E135
12111439,4.3724279835390947E-4
11354629,0.003866174510279869
10815129,9.516460905349796E-4
11816794,4.3724279835390947E-4
8058160,0.0038661745102798683
10822427,4.3724279835390947E-4
9074396,Infinity
8832646,0.0034289317119259597
10599813,4.3724279835390947E-4
11375142,4.3724279835390947E-4
11123907,8.088991769547326E-4
10946021,4.3724279835390947E-4
8890795,4.3724279835390947E-4
12637119,4.3724279835390947E-4
10867779,7.530318006192128E77
9471175,0.0017605452674897123
9316155,5.1440329218107E-4
8083685,5.1440329218107E-4
9369084,Infinity
7700596,4.3724279835390947E-4
9468467,4.3724279835390947E-4
7992850,Infinity
10502286,Infinity
8632166,5.1440329218107E-4
9302273,Infinity
12391598,4.3724279835390947E-4
10936877,Infinity
11835370,0.038225299488396106
11060007,5.1440329218107E-4
10500259,Infinity
8830309,Infinity
9307578,Infinity
10994644,4.3724279835390947E-4
9213859,5.1440329218107E-4
9751198,0.008691294357570099
11774713,5.1440329218107E-4
8782820,0.01803425356091942
7970216,Infinity
8848934,9.254754376466306E169
11901276,4.3724279835390947E-4
7977635,1.9664940226755462E275
9143266,5.1440329218107E-4
10694577,Infinity
11936240,9.516460905349796E-4
12394840,1.8212715638273627E136
10454160,Infinity
8047277,5.1440329218107E-4
10593300,0.038225299488396106
9017975,5.1440329218107E-4
11706973,0.0015522119341563785
11849755,4.3724279835390947E-4
9067471,Infinity
9665654,1.4780260966122018E136
9369317,0.009258851899438725
12957499,4.3724279835390947E-4
11851296,8.744855967078189E-4
9307253,5.1440329218107E-4
9562469,0.006330183246458987
9181359,4.3724279835390947E-4
12951205,2.5718890205413552E169
9536100,Infinity
9447442,Infinity
9520135,0.022859748025644226
12580702,4.3724279835390947E-4
12882964,4.3724279835390947E-4
8773602,4.3724279835390947E-4
8762193,0.006797179443544776
7972031,Infinity
8309587,5.1440329218107E-4
7481373,5.1440329218107E-4
8797010,Infinity
7847069,Infinity
12161276,0.0029145284197448903
8811124,4.3724279835390947E-4
8905608,5.1440329218107E-4
9547165,5.1440329218107E-4
10953177,4.4973637419117715E169
7968026,5.1440329218107E-4
12536572,5.553828324384686E135
8614504,Infinity
12167762,Infinity
9566379,0.0029145284197448903
9876967,0.0034289317119259597
8123007,9.516460905349796E-4
9074395,0.0063435872024552005
9619150,Infinity
11571321,4.886127148582641E77
10891924,1.7359548618153102E136
7841371,Infinity
10071712,5.1440329218107E-4
8892351,0.0029145284197448903
7824144,Infinity
12451676,Infinity
8804993,9.516460905349796E-4
7664194,0.0021322016460905355
7721816,Infinity
8890599,4.3724279835390947E-4
12584430,0.0018261316872427984
11698154,0.010426831622917677
12876550,4.3724279835390947E-4
8881379,4.3724279835390947E-4
11071064,9.134703639656764E135
11376902,Infinity
11755001,0.0029145284197448903
8725895,4.3724279835390947E-4
8596645,Infinity
9482248,9.300775261314039E182
12490540,5.1440329218107E-4
7526899,4.3724279835390947E-4
8619535,5.1440329218107E-4
7970208,0.004768227184106905
12890772,0.0015522119341563785
10089003,5.1440329218107E-4
12811635,5.1440329218107E-4
11076057,Infinity
10797593,5.1440329218107E-4
7550352,Infinity
11732920,1.3176072096098557E275
8525796,Infinity
11589913,7.620333001095676E77
7473659,1.2747953176520599E182
11312553,5.1440329218107E-4
9678311,Infinity
12682309,4.3724279835390947E-4
10430422,Infinity
14511323,4.3724279835390947E-4
10487842,Infinity
10852539,Infinity
11113217,Infinity
8711797,Infinity
11327877,0.006874339937371938
9591838,5.1440329218107E-4
9386782,0.001124807098765432
8858181,Infinity
8602762,Infinity
12507910,5.1440329218107E-4
8525803,0.001124807098765432
9461617,Infinity
10412731,4.3724279835390947E-4
12226533,0.007482278406106903
10487844,5.1440329218107E-4
11302074,2.9171951643922533E136
8557181,5.1440329218107E-4
7783958,4.3724279835390947E-4
10071711,6.68164014400855E200
9596412,9.516460905349796E-4
9298817,0.0034289317119259592
11739991,8.088991769547326E-4
10195399,8.088991769547326E-4
7821387,5.1440329218107E-4
8878109,5.1440329218107E-4
11683989,Infinity
8841664,Infinity
7539827,4.3724279835390947E-4
9482249,5.1440329218107E-4
8273205,9.516460905349796E-4
10766998,Infinity
11058789,Infinity
11835377,2.8088339693527987E136
10428071,4.3724279835390947E-4
9073034,0.00291452841974489
9520001,5.1440329218107E-4
12755040,5.1440329218107E-4
10400250,5.1440329218107E-4
11122698,4.3724279835390947E-4
7738980,5.1440329218107E-4
10197814,4.3724279835390947E-4
9147408,Infinity
10766901,0.011988205023624538
9772023,Infinity
11912108,4.3724279835390947E-4
9218645,Infinity
12849539,4.3724279835390947E-4
11445269,5.1440329218107E-4
10567488,1.114269400981004E136
7914580,5.1440329218107E-4
9246676,Infinity
12507914,0.0034289317119259597
11157409,0.004925395189292219
11122341,Infinity
11553788,4.3724279835390947E-4
12634421,0.0029145284197448903
12074828,Infinity
9058415,8.986282996536297E135
11487050,5.1440329218107E-4
8559364,0.0034289317119259597
7672107,4.0308998701533734E274
8751868,0.0034289317119259597
10030402,8.986282996536297E135
9786245,0.0012461419753086419
10528114,Infinity
8993481,Infinity
10541592,0.0018779578189300412
12490529,0.0029145284197448903
10066860,0.0034289317119259597
8596269,Infinity
12856536,0.001388888888888889
8833436,Infinity
11755000,0.0034289317119259597
9366728,0.0036429430298353916
12117549,3.115363164683521E77
12411758,Infinity
9625186,0.0023968010545267495
8525799,Infinity
9626772,Infinity
11804704,Infinity
8880693,4.3724279835390947E-4
10860300,9.516460905349796E-4
9153523,9.516460905349794E-4
9929680,0.0029145284197448886
10592634,4.3724279835390947E-4
12465441,8.744855967078189E-4
8931004,4.3724279835390947E-4
9329691,Infinity
12000192,4.3724279835390947E-4
11447826,5.1440329218107E-4
10869806,4.3724279835390947E-4
11293821,Infinity
9152721,8.744855967078189E-4
12468034,Infinity
8730823,Infinity
9549589,0.004052932756705236
11357958,4.3724279835390947E-4
7964823,1.904459667572126E170
10501182,8.088991769547326E-4
8841967,Infinity
11934472,4.3724279835390947E-4
12015813,Infinity
8624096,Infinity
8047278,Infinity
7700597,4.3724279835390947E-4
9767914,4.3724279835390947E-4
11408789,4.3724279835390947E-4
12023056,4.3724279835390947E-4
12042316,4.3724279835390947E-4
10767725,0.0011248070987654323
7700578,4.3724279835390947E-4
9622609,0.0033517712180988
12231459,0.0029145284197448886
11711225,0.001246141975308642
9547474,0.0017605452674897123
12392781,Infinity
9343467,Infinity
8558171,0.0012461419753086419
10867200,4.3724279835390947E-4
10934557,5.1440329218107E-4
9386771,0.0018261316872427984
8816305,Infinity
11844869,4.3724279835390947E-4
11482130,Infinity
11553277,Infinity
8741132,6.544372366075957E77
11698153,3.115363164683521E77
11072138,4.3724279835390947E-4
8656944,8.744855967078189E-4
10362893,5.1440329218107E-4
12226534,0.007045035607752994
8939277,4.5049698452015285E77
11986126,4.3724279835390947E-4
8846238,Infinity
9265639,Infinity
10436115,Infinity
9850873,Infinity
8841971,8.088991769547324E-4
8175773,8.744855967078189E-4
11939894,Infinity
11642543,4.3724279835390947E-4
7487559,Infinity
9305342,5.446922951206807E200
11273849,4.3724279835390947E-4
10369887,Infinity
11684904,0.001388888888888889
9280167,Infinity
10959835,4.3724279835390947E-4
11860878,5.1440329218107E-4
10670439,0.0029145284197448886
9014911,4.3724279835390947E-4
9598682,4.7899436552700705E200
12581338,Infinity
12824768,4.3724279835390947E-4
10507547,4.2759376038258115E135
11705626,4.3724279835390947E-4
10939571,Infinity
9920359,Infinity
10587578,Infinity
9224523,Infinity
10637934,5.1440329218107E-4
9718053,Infinity
9100668,6.230726329367043E77
10474059,8.088991769547326E-4
9631384,Infinity
8649585,8.088991769547326E-4
10952022,0.001639210390946502
12676346,5.1440329218107E-4
10970054,4.3724279835390947E-4
12212789,0.001246141975308642
8683540,0.0040529327567052345
8725748,Infinity
9852204,0.004768227184106905
10818526,4.3724279835390947E-4
9710033,4.3724279835390947E-4
12433260,Infinity
7654070,Infinity
8674441,0.001246141975308642
11702052,5.1440329218107E-4
9786612,8.744855967078189E-4
10634455,Infinity
9728943,Infinity
11421127,9.516460905349796E-4
9222173,Infinity
9693262,4.3724279835390947E-4
11132184,Infinity
9514597,0.0034289317119259592
8938267,0.0034289317119259597
12384263,4.3724279835390947E-4
8624097,Infinity
8830319,7.458642654287834E182
11005255,0.007482278406106903
9129722,Infinity
8710175,0.0011805555555555554
8177532,4.954545258783486E274
8744402,0.0011248070987654323
9667569,0.0018123713991769548
8786385,Infinity
9422368,0.007816808760862281
11044587,4.3724279835390947E-4
9425904,Infinity
11723294,0.001388888888888889
10448801,Infinity
9682830,5.1440329218107E-4
11273064,7.864367577884537E169
9454617,5.1440329218107E-4
9086466,5.1440329218107E-4
12169205,5.1440329218107E-4
9164326,0.0040529327567052345
10599878,4.3724279835390947E-4
9280168,0.0034289317119259592
10570512,8.744855967078189E-4
8089103,5.1440329218107E-4
12722493,Infinity
9886074,Infinity
12901781,0.00291452841974489
12399018,5.1440329218107E-4
8786379,8.088991769547326E-4
10213175,Infinity
8786396,9.516460905349794E-4
10898905,4.3724279835390947E-4
8652146,Infinity
8309625,0.0027426054526748975
11673588,5.1440329218107E-4
7706948,4.3724279835390947E-4
9681640,4.3724279835390947E-4
9484353,0.011049138519732183
8075646,4.363943722889149E183
12379263,Infinity
10401448,5.1440329218107E-4
9221969,Infinity
12507771,Infinity
10818507,5.1440329218107E-4
10364641,Infinity
8086986,0.002819765946502058
9593678,Infinity
9736756,5.1440329218107E-4
8958361,4.3724279835390947E-4
12405544,1.0728791075374887E136
11738469,4.3724279835390947E-4
10208278,Infinity
12668899,Infinity
7582040,9.516460905349796E-4
11684351,4.3724279835390947E-4
7888092,4.3724279835390947E-4
8980023,Infinity
7700444,0.0034289317119259597
9327723,0.0029145284197448903
7755355,2.4218060569889704E183
10713392,5.1440329218107E-4
9222170,9.516460905349796E-4
12457072,Infinity
8631862,2.937132567123402E275
10430421,Infinity
10912918,Infinity
9181358,Infinity
10027417,0.008156314933701789
8854306,0.0034289317119259597
9708953,0.004768227184106905
8624098,Infinity
11360807,4.3724279835390947E-4
8576504,4.3724279835390947E-4
9855543,4.3724279835390947E-4
10801051,5.1440329218107E-4
11430905,4.3724279835390947E-4
9073026,0.0034289317119259597
7581381,8.088991769547326E-4
8554056,0.0034289317119259597
9382479,Infinity
11143490,1.8212715638273627E136
11069947,4.3724279835390947E-4
10936880,Infinity
12393935,0.005004578847240214
10861213,1.808274774376696E274
7853700,4.3724279835390947E-4
12095653,Infinity
10364640,5.1440329218107E-4
7728146,0.004768227184106905
11305015,1.0913377878556643E136
11483304,Infinity
9848097,4.3724279835390947E-4
12552039,1.8916964887384803E200
10465706,0.010426831622917677
9697689,5.1440329218107E-4
9048987,5.1440329218107E-4
9826113,0.03862715900413809
9756330,Infinity
9106747,4.3724279835390947E-4
8039724,0.0013233024691358026
9681639,4.3724279835390947E-4
11988340,0.010426831622917677
9627181,0.007447270985827591
12105308,Infinity
12876259,Infinity
12049183,Infinity
10885540,5.1440329218107E-4
12160362,9.516460905349796E-4
9137113,Infinity
11925775,8.744855967078189E-4
9733229,9.009939690403057E77
8867021,5.1440329218107E-4
9290497,Infinity
11769703,Infinity
11442298,4.3724279835390947E-4
9869645,4.3724279835390947E-4
12917433,4.3724279835390947E-4
10591674,4.3724279835390947E-4
7696609,Infinity
9125900,4.3724279835390947E-4
8024269,5.1440329218107E-4
10026381,0.004768227184106906
10088051,4.0428543650717853E200
10366621,Infinity
11825674,8.088991769547326E-4
10961667,0.010426831622917677
10208564,5.1440329218107E-4
9705582,5.1440329218107E-4
8128960,Infinity
9347936,Infinity
12607822,0.0071547964102221286
12459519,1.114269400981004E136
11222634,0.0029145284197448903
9718052,0.0013233024691358026
11893839,0.00291452841974489
11087769,4.3724279835390947E-4
12105373,8.744855967078189E-4
11347179,0.01218977994999872
9285479,0.0034289317119259597
9853024,4.3724279835390947E-4
9674791,Infinity
9340870,9.516460905349796E-4
10078062,0.0013117283950617282
11889238,Infinity
11558492,9.516460905349796E-4
7815043,5.1440329218107E-4
11311545,0.0033517712180988
9174000,4.3724279835390947E-4
10854569,5.1440329218107E-4
10910426,Infinity
11893773,4.3724279835390947E-4
11890488,0.005392049122086921
10413774,Infinity
14501024,Infinity
8747858,Infinity
12614344,5.1440329218107E-4
9333264,Infinity
11259129,4.3724279835390947E-4
9831992,Infinity
11493026,Infinity
11816789,4.3724279835390947E-4
9165306,4.3724279835390947E-4
9751196,5.1440329218107E-4
11173882,5.1440329218107E-4
9219743,4.3724279835390947E-4
9700655,Infinity
12971913,0.0029145284197448903
12402229,4.3724279835390947E-4
12637699,4.3724279835390947E-4
8648331,Infinity
9781520,4.886127148582641E77
9658938,5.1440329218107E-4
8858183,5.1440329218107E-4
9339270,5.1440329218107E-4
12548360,4.3724279835390947E-4
12930057,5.1440329218107E-4
9445249,4.3724279835390947E-4
10192208,4.3724279835390947E-4
9576554,Infinity
9588907,0.0029145284197448903
11281316,Infinity
8864947,4.3724279835390947E-4
9467014,Infinity
7763336,Infinity
11177205,4.3724279835390947E-4
7824157,Infinity
8929157,Infinity
9520072,8.088991769547326E-4
9539409,Infinity
12761223,0.0015522119341563785
7654074,Infinity
8786847,Infinity
7603172,5.1440329218107E-4
7585009,Infinity
8082773,5.1440329218107E-4
11816786,0.0034289317119259597
11045665,Infinity
8803817,4.3724279835390947E-4
11110974,6.918612376763945E135
8826994,Infinity
9812182,1.114269400981004E136
10873585,9.516460905349796E-4
9831995,Infinity
12581343,0.0037890140164527084
12214015,Infinity
12205106,9.516460905349796E-4
8756999,0.0034289317119259597
9763475,4.3724279835390947E-4
11120597,0.00582929192044083
7605379,1.8212715638273627E136
7951676,Infinity
8669492,Infinity
10811879,Infinity
9649761,4.3724279835390947E-4
9335533,4.3724279835390947E-4
9597090,0.002448109567901235
11444802,Infinity
7612383,4.3724279835390947E-4
9524247,4.3724279835390947E-4
11987699,0.00291452841974489
8929997,4.3724279835390947E-4
10912914,Infinity
11936239,6.68164014400855E200
11676291,Infinity
9052712,0.021114108950683913
7710373,Infinity
12946703,5.1440329218107E-4
10403716,9.516460905349794E-4
10732806,4.3724279835390947E-4
10961427,Infinity
8014966,5.161540865983271E182
9383026,4.3724279835390947E-4
8996815,4.3724279835390947E-4
12556576,5.1440329218107E-4
8636429,4.3724279835390947E-4
9219874,4.3724279835390947E-4
10489042,Infinity
12552038,Infinity
7574461,4.3724279835390947E-4
11113612,0.0029145284197448903
8521945,4.3724279835390947E-4
7668834,4.3724279835390947E-4
10744589,5.1440329218107E-4
9143263,8.088991769547324E-4
11255448,8.744855967078189E-4
10208640,Infinity
9700658,Infinity
12834112,4.3724279835390947E-4
11145984,0.02256195688430117
8669075,5.1440329218107E-4
10818534,4.3724279835390947E-4
7783963,0.01122181339798926
14501016,5.1440329218107E-4
11971084,5.446922951206807E200
10439444,4.3724279835390947E-4
9855862,5.1440329218107E-4
9916507,Infinity
7619017,9.516460905349796E-4
12928512,5.1440329218107E-4
8987775,Infinity
9066358,4.3724279835390947E-4
11790235,5.1440329218107E-4
10322238,3.555226462468326E200
10050959,Infinity
10559561,Infinity
12451108,Infinity
8709703,8.088991769547326E-4
9052714,Infinity
11574101,4.3724279835390947E-4
7740560,0.012356532823970529
11015454,Infinity
9562467,Infinity
10206226,Infinity
9221977,Infinity
9532343,Infinity
9121226,4.3724279835390947E-4
10918055,8.744855967078189E-4
9562306,4.3724279835390947E-4
8993485,8.088991769547326E-4
11248079,5.1440329218107E-4
9349544,0.014647412717803033
11940706,4.3724279835390947E-4
8624095,Infinity
7676127,0.005004578847240214
7818249,4.3724279835390947E-4
10505604,4.3724279835390947E-4
12495082,4.886127148582641E77
11231028,Infinity
12642767,0.0011248070987654323
8644717,Infinity
7936857,4.3724279835390947E-4
12787320,Infinity
9669695,Infinity
9258256,8.088991769547326E-4
10737615,0.005843068015160401
11722612,4.3724279835390947E-4
7609909,4.3724279835390947E-4
11425005,5.1440329218107E-4
8128315,9.516460905349796E-4
11775232,Infinity
12391602,4.3724279835390947E-4
9633759,Infinity
7619525,9.516460905349794E-4
8823200,0.0034289317119259597
10609670,Infinity
8592548,Infinity
7776813,4.3724279835390947E-4
8825894,3.7658070226534506E183
7909036,4.3724279835390947E-4
12901842,Infinity
9223597,4.3724279835390947E-4
7668835,Infinity
8906609,4.3724279835390947E-4
8740984,5.1440329218107E-4
12112161,4.3724279835390947E-4
8183036,5.1440329218107E-4
9411578,5.1440329218107E-4
11099722,9.516460905349796E-4
7637575,0.007816808760862281
9470130,9.516460905349794E-4
8940032,5.1440329218107E-4
8618881,0.0063438650586090314
10794857,4.3724279835390947E-4
9030704,4.0308998701533734E274
12376533,4.3724279835390947E-4
9460714,Infinity
12950448,Infinity
9804121,5.513419226564116E77
9603433,4.3724279835390947E-4
10190327,Infinity
9523562,0.0017605452674897123
12885570,4.3724279835390947E-4
12833577,6.544372366075957E77
9098525,Infinity
9148246,Infinity
9041854,5.1440329218107E-4
10525138,1.8212715638273627E136
8692753,Infinity
11516561,0.0034289317119259592
9506546,2.8088339693527987E136
