8773610,1.0650171680767495E-4
8993479,1.2007330870744853E-4
8941642,1.262002743484225E-4
12212789,1.0717146776406036E-4
12374623,1.0650171680767495E-4
7969426,1.0650171680767495E-4
8648331,1.3575706544022032E-4
10643890,1.0650171680767495E-4
12192623,1.0650171680767495E-4
12957490,1.0717146776406036E-4
10192210,1.262002743484225E-4
9447448,1.262002743484225E-4
12812866,1.0650171680767495E-4
8825894,1.1064684151307863E-4
11045665,1.1086973096115652E-4
9165306,1.262002743484225E-4
9436725,1.0
10436064,1.0
9070638,1.0
7649988,1.49519890260631E-4
7823376,1.262002743484225E-4
10401448,1.0
11743951,1.0
8905608,1.0
11072138,1.262002743484225E-4
11940690,1.49519890260631E-4
10799751,1.0650187909272422E-4
7765750,1.0676640623214113E-4
9113034,1.0
9853706,1.1024603365055854E-4
8642164,1.49519890260631E-4
14501016,1.0
11774713,1.0
8813351,1.0650171680767495E-4
10050959,1.1089209628866818E-4
11435901,1.262002743484225E-4
11527492,1.0650171680767495E-4
8633046,1.0796433470507546E-4
7729825,1.1400420230380731E-4
10027549,1.0717146776406036E-4
9751196,1.0
10071712,1.0
10490274,1.101227751791359E-4
10214736,1.0758895149701001E-4
11822882,1.0651010323950921E-4
9482681,1.072773938528697E-4
10970054,1.262002743484225E-4
9626772,1.5532275472754514E-4
9386771,1.7283950617283953E-4
11493026,1.2129991839964124E-4
10634455,1.106381187736131E-4
10336256,1.0664704262904215E-4
8669075,1.0
14501024,1.1013553301930644E-4
10797593,1.0
9329722,1.0
8871590,1.5181343089208418E-4
7992850,1.381621237132418E-4
7898715,1.0664280475119538E-4
11445256,1.0875720164609055E-4
9125318,1.262002743484225E-4
10534256,1.262002743484225E-4
10592634,1.262002743484225E-4
12944519,1.1070622393543329E-4
11015454,1.1454751289464822E-4
8890929,1.49519890260631E-4
12231459,1.0650171680767495E-4
9598682,1.0663366747034643E-4
8848271,1.421788823437831E-4
7700444,1.0650171680767495E-4
9740113,1.262002743484225E-4
9041854,1.0
7700597,1.262002743484225E-4
9791536,1.0676173847521725E-4
9106747,1.262002743484225E-4
10854569,1.0
10611368,1.2353431901463452E-4
9625186,1.0650249103978054E-4
9482248,1.1401641179749533E-4
9831633,1.1050235962602386E-4
11774719,1.0662931876677888E-4
8833436,1.1803472794934303E-4
11447827,1.1077600567141611E-4
7654074,1.1735853532032778E-4
9834545,1.0
8572669,1.1012696596716427E-4
8014966,1.0675721643732884E-4
11501342,1.0687598840927708E-4
9125900,1.262002743484225E-4
8929997,1.262002743484225E-4
12882964,1.262002743484225E-4
9549720,1.1037797909734376E-4
9018400,1.262002743484225E-4
10818507,1.0
11369806,1.262002743484225E-4
12947160,1.0651961307425515E-4
11723294,1.49519890260631E-4
9411578,1.0
12384789,1.0
12465441,1.49519890260631E-4
7810590,1.0650171680767495E-4
9502209,1.0650171680767495E-4
8624076,1.0708918315205413E-4
7654070,1.1805760606589121E-4
11347179,1.0650171680767495E-4
12637699,1.262002743484225E-4
12226533,1.0650171680767495E-4
11377835,1.0674837656750606E-4
9836756,1.0650637225156383E-4
7474917,1.0650171680767495E-4
10411341,1.10667032227487E-4
10685028,1.262002743484225E-4
10197814,1.262002743484225E-4
10705163,1.0
9678319,1.182823303151956E-4
11264988,1.262002743484225E-4
10681402,1.262002743484225E-4
12192621,1.1737474234774853E-4
11901276,1.262002743484225E-4
8624098,1.101358169355802E-4
9074396,1.0678515114876588E-4
10867779,1.1013116646674767E-4
9514597,1.0650171680767495E-4
7696609,1.068946170424543E-4
8309587,1.0
9852204,1.0650171680767495E-4
11378247,1.0652448834019205E-4
9295092,1.0
9674791,1.2931574754869687E-4
7920638,1.0
12555245,1.262002743484225E-4
7951679,1.1051834082441761E-4
9667569,1.0667037585733883E-4
9572586,1.1401715866143671E-4
11775232,1.9655999012994425E-4
9098525,1.1064435619208857E-4
7910910,1.0
12946703,1.0
12787320,1.9633765633450065E-4
7542371,1.1146227709190674E-4
9341932,1.0717146776406036E-4
8899655,1.0
9219874,1.262002743484225E-4
9853024,1.262002743484225E-4
8527231,1.0
12030413,1.262002743484225E-4
12784029,1.262002743484225E-4
10886308,1.1025022443858691E-4
11444802,1.1388498503042915E-4
9258912,1.0
11743999,1.1748815039348044E-4
11721146,1.0717146776406036E-4
11303757,1.0650171680767495E-4
10712207,1.1421062386030431E-4
12355988,1.6486054653792295E-4
12971913,1.0650171680767495E-4
9920995,1.0
9137113,1.2191932873851049E-4
9058415,1.0662931876677888E-4
8912490,1.262002743484225E-4
8557181,1.0
10319883,1.49519890260631E-4
11458997,1.0650200196396911E-4
10559561,1.1453892941539964E-4
10637933,1.262002743484225E-4
8846238,1.118945926642974E-4
9445249,1.262002743484225E-4
12714797,1.0
9619150,1.299411715073644E-4
9539409,1.146555307280749E-4
7783963,1.101227751791359E-4
9164326,1.0650171680767495E-4
10766403,1.262002743484225E-4
8631862,1.2217908319549038E-4
9048759,1.262002743484225E-4
7706948,1.262002743484225E-4
10500259,1.0726684227340135E-4
9754236,1.0
8890772,1.5322049290342378E-4
12453673,1.0650171680767495E-4
14521991,1.1935951155342934E-4
7639323,1.102769343054781E-4
12417380,1.49519890260631E-4
9506546,1.1051425798966676E-4
9329486,1.262002743484225E-4
9447442,1.1138090130562983E-4
11193808,1.0650171680767495E-4
11454984,1.262002743484225E-4
7532337,1.2357715883332712E-4
9811931,1.2584287375164873E-4
8938267,1.0650171680767495E-4
9855862,1.0
11950276,1.273610648918303E-4
11702052,1.0
10362893,1.0
9812182,1.0651444204212943E-4
9340872,1.0652448834019205E-4
12163621,1.0667260824483382E-4
7485228,1.1499943497683724E-4
8691961,1.262002743484225E-4
10936886,1.0
7672107,1.0687600997704375E-4
11113217,1.520714000428307E-4
11835377,1.1763730704919439E-4
11464464,1.0717146776406036E-4
9743578,1.262002743484225E-4
11684904,1.49519890260631E-4
12885570,1.262002743484225E-4
11895043,1.1142239231397465E-4
9325076,1.0650171680767495E-4
12433263,1.3953235207838713E-4
8773602,1.262002743484225E-4
9630508,1.262002743484225E-4
12580698,1.0
12105373,1.49519890260631E-4
11673588,1.0
9147873,1.0662526074797282E-4
7821387,1.0
12507914,1.0650171680767495E-4
10461029,1.0650171680767495E-4
8558171,1.0717146776406036E-4
12067484,1.0
10912224,1.1805760606589121E-4
7755725,1.0650171680767495E-4
8937829,1.0
12000192,1.262002743484225E-4
12634421,1.0650171680767495E-4
12536572,1.0650605527428448E-4
7888092,1.262002743484225E-4
12709467,1.262002743484225E-4
7922348,1.0650171680767495E-4
10025785,1.0651459963763953E-4
9292870,1.1055771417988531E-4
10934557,1.0
10412731,1.262002743484225E-4
10953177,1.067483918026188E-4
8987775,1.0700485566180181E-4
9224523,1.0655920165171847E-4
10766901,1.1024589116376557E-4
9568731,1.262002743484225E-4
8803817,1.262002743484225E-4
11069947,1.262002743484225E-4
10851367,1.262002743484225E-4
10944562,1.0742160953172171E-4
8881379,1.262002743484225E-4
9621997,1.101227751791359E-4
8596269,1.1092288183523562E-4
7952845,1.262002743484225E-4
8076181,1.0
12095653,1.1129602359655222E-4
10670439,1.0650171680767495E-4
11222634,1.0650171680767495E-4
12541014,1.0674837656750606E-4
9221969,1.0742160953172171E-4
12782345,1.067483918026188E-4
7740560,1.066249752790976E-4
11173877,1.2188875952768582E-4
8576504,1.262002743484225E-4
8624079,1.0650171680767495E-4
10718322,1.0666956411465896E-4
11816794,1.262002743484225E-4
8710077,1.095636981006321E-4
10026381,1.0650171680767495E-4
7810577,1.0650590759570332E-4
7481373,1.0
11255448,1.49519890260631E-4
12451676,1.3040308378921623E-4
8659934,1.262002743484225E-4
10208278,1.0663412431007694E-4
12873803,1.0
11360807,1.262002743484225E-4
12147333,1.0651444204212943E-4
12023056,1.262002743484225E-4
9422368,1.0650171680767495E-4
10400221,1.0650171680767495E-4
10488446,1.1512765027425714E-4
7761390,1.1053757992799614E-4
9017975,1.0
8890599,1.262002743484225E-4
11403971,1.0651010323950921E-4
8841664,1.1794185184255338E-4
7773573,1.0
7944308,1.0717146776406036E-4
11405810,1.0717146776406036E-4
11755001,1.0650171680767495E-4
9529753,1.0663418315912844E-4
10089003,1.0
9772023,1.1090348253127772E-4
10801051,1.0
10194255,1.1806698005965228E-4
11710891,1.0650171680767495E-4
8710175,1.0796433470507546E-4
11338204,1.262002743484225E-4
8614504,1.8014342883629098E-4
12031891,1.06647322705699E-4
9383026,1.262002743484225E-4
10947802,1.0717146776406036E-4
8183036,1.0
8546162,1.0
10525981,1.690064432520963E-4
10190820,1.0717146776406036E-4
12928915,1.0
8177532,1.1037453386246968E-4
11354629,1.0650171680767495E-4
8173818,1.262002743484225E-4
10088051,1.101314623434882E-4
11553277,1.1763746088329688E-4
11408299,1.0717146776406036E-4
8931004,1.262002743484225E-4
8993478,1.066249752790976E-4
11177205,1.262002743484225E-4
8744405,1.0717146776406036E-4
9484359,1.0651508625199424E-4
12394840,1.0687598840927708E-4
8867021,1.0
10822427,1.262002743484225E-4
8869295,1.262002743484225E-4
10420066,1.0
12399018,1.0
12214015,1.1026314524623474E-4
9329686,1.0676942876203589E-4
12957499,1.262002743484225E-4
7814023,1.1439679984369236E-4
8042228,1.262002743484225E-4
9189032,1.2163914447306278E-4
11378846,1.0796433470507546E-4
10391478,1.065064898973594E-4
8996815,1.262002743484225E-4
7710374,1.0651507541565745E-4
8811124,1.262002743484225E-4
10372566,1.0
10858588,1.262002743484225E-4
8618855,1.1387219168708879E-4
10939571,1.1764603338603225E-4
9033257,1.262002743484225E-4
11122341,1.1075427216975469E-4
10626834,1.1025457294733995E-4
7977363,1.0650171680767495E-4
11071064,1.0662931876677888E-4
9774779,1.262002743484225E-4
11711530,1.0650171680767495E-4
11193147,1.0650249103978054E-4
8674441,1.0717146776406036E-4
11701639,1.0
9461617,1.1390458267005428E-4
7879604,1.262002743484225E-4
11755017,1.0
12111439,1.262002743484225E-4
10912914,1.9500313189684535E-4
8820179,1.2357715883332712E-4
7646655,1.262002743484225E-4
10668705,1.0651963087355724E-4
12167762,1.1129602359655222E-4
8983040,1.0650171680767495E-4
9532343,1.0651507541565745E-4
9006661,1.0652448834019205E-4
9236226,1.0875720164609055E-4
10487844,1.0
9786612,1.49519890260631E-4
11409442,1.262002743484225E-4
8709703,1.0717146776406036E-4
9340870,1.262002743484225E-4
9285479,1.0650171680767495E-4
7673184,1.262002743484225E-4
8829725,1.0717146776406036E-4
8175773,1.49519890260631E-4
9494696,1.066251281558926E-4
10619631,1.0650171680767495E-4
10027417,1.0650171680767495E-4
7670501,1.2986484258209848E-4
8044413,1.0675341268765189E-4
9831994,1.227644573428984E-4
9596222,1.0
7695621,1.1821680640570857E-4
10320795,1.0
10413774,1.074560908144149E-4
10541592,1.0655144581618657E-4
8530010,1.0675693079170807E-4
9258256,1.0717146776406036E-4
12957508,1.2570226931446287E-4
12419536,1.1143840230720448E-4
12629906,1.1125858056099772E-4
9471175,1.0717146776406036E-4
9343467,1.8852918653609684E-4
8050887,1.0
9929677,1.0650171680767495E-4
9822164,1.1399903434448749E-4
10465706,1.0650171680767495E-4
11986126,1.262002743484225E-4
11087769,1.262002743484225E-4
8544899,1.1012696596716427E-4
9848097,1.262002743484225E-4
8711797,1.0687084863710515E-4
10961667,1.0650171680767495E-4
10421878,1.262002743484225E-4
9920359,1.312818239840878E-4
11980062,1.0
11115331,1.0939570185927098E-4
12128082,1.0717146776406036E-4
9153535,1.0
12161276,1.0650171680767495E-4
8069300,1.5375022762775678E-4
12637119,1.262002743484225E-4
8651653,1.0650171680767495E-4
10534164,1.262002743484225E-4
9024330,1.0650171680767495E-4
11157409,1.0650171680767495E-4
10402500,1.0
10487843,1.1055636887557503E-4
11447826,1.0
11571321,1.0662511809608343E-4
10488949,1.262002743484225E-4
9878186,1.0664287729096162E-4
7853720,1.2568222019023937E-4
8872415,1.1040462983170664E-4
9073034,1.0650171680767495E-4
9637403,1.0675724183070285E-4
9280167,1.263515605679414E-4
9224643,1.0
9929680,1.0650171680767495E-4
7857652,1.0650171680767495E-4
10231806,1.0
10818140,1.0991185806105504E-4
11589917,1.262002743484225E-4
10366621,1.065064898973594E-4
9153464,1.1403569821756122E-4
9718052,1.0717146776406036E-4
7612383,1.262002743484225E-4
12876265,1.0650171680767495E-4
12160362,1.262002743484225E-4
7595656,1.0662511809608343E-4
12670700,1.262002743484225E-4
7615568,1.175103394361691E-4
8939277,1.0651010324512249E-4
9603433,1.262002743484225E-4
9222170,1.262002743484225E-4
8993485,1.0717146776406036E-4
12393935,1.0650171680767495E-4
10230703,1.0650171680767495E-4
7763336,1.221669133133901E-4
10567488,1.0651444204212943E-4
9468467,1.262002743484225E-4
10998553,1.3590275517281025E-4
10818513,1.0650171680767495E-4
10679292,1.0
9003488,1.0651508625199424E-4
9030704,1.104970683485047E-4
8858183,1.0
9121705,1.1454536469937088E-4
8075630,1.0717146776406036E-4
10818534,1.262002743484225E-4
12011307,1.0652448834019205E-4
9848808,1.0653299316029255E-4
7818249,1.262002743484225E-4
11882744,1.0652117520943801E-4
11376902,1.0652117520943801E-4
9148246,1.1050588832046563E-4
7944299,1.1753604191525948E-4
9484353,1.1374383355059684E-4
8830319,1.1400801045570787E-4
10212558,1.1993672892277632E-4
9302273,1.071509067681635E-4
10777685,1.068803321062461E-4
8128960,1.38199761933688E-4
9831993,1.227644573428984E-4
11920850,1.0650171680767495E-4
8843827,1.0
8892351,1.0650171680767495E-4
8058160,1.0650171680767495E-4
7841371,1.113417107382044E-4
8047277,1.0
7815043,1.0
9831815,1.0717146776406036E-4
7847867,1.2333424428436778E-4
11120597,1.0662483279230463E-4
11487050,1.0
9333264,1.1528835739458876E-4
10570512,1.49519890260631E-4
9074395,1.101227751791359E-4
10737120,1.262002743484225E-4
8521945,1.262002743484225E-4
8977148,1.1052903402189775E-4
8158809,1.0
9763475,1.262002743484225E-4
8726148,1.0
8525803,1.0652448834019205E-4
11482130,1.0741830628160692E-4
11596149,1.1057744864915345E-4
11941486,1.262002743484225E-4
9854388,1.262002743484225E-4
10682216,1.1892598169243392E-4
9665654,1.1025471560484936E-4
8797010,1.3868369936095352E-4
11851296,1.49519890260631E-4
7579137,1.1453397248676509E-4
10880397,1.7283950617283953E-4
11553788,1.262002743484225E-4
9265639,2.179417738962769E-4
9066363,1.0
12135350,1.1027695611626143E-4
8731381,1.1800055807200152E-4
12864777,1.0
8733730,1.1066853160408016E-4
9185685,1.0650171680767495E-4
9482249,1.0
12495080,1.262002743484225E-4
10079962,1.1065136220533462E-4
10671644,1.1885903777475687E-4
9736756,1.0
10369830,1.1831015153025926E-4
11099722,1.262002743484225E-4
9527138,1.262002743484225E-4
7534068,1.258052106291328E-4
11706973,1.0875720164609055E-4
8940032,1.0
7539827,1.262002743484225E-4
11835370,1.0662916606712596E-4
10593304,1.49519890260631E-4
9546293,1.0
11890488,1.0662483279230463E-4
11378241,1.0690225766693065E-4
8602063,1.262002743484225E-4
9767914,1.262002743484225E-4
8782820,1.1012696596716427E-4
9826113,1.0662916606712596E-4
10592690,1.0717146776406036E-4
12581343,1.0650171680767495E-4
9877525,1.223706768459742E-4
7637575,1.0650171680767495E-4
10737615,1.0650171680767495E-4
12076977,1.06647322705699E-4
10027548,1.0675724183070285E-4
12405544,1.0651458954999415E-4
10599813,1.262002743484225E-4
9083560,1.262002743484225E-4
10505604,1.262002743484225E-4
9326295,1.262002743484225E-4
10195399,1.0717146776406036E-4
10823584,1.0665137684227744E-4
9369317,1.0650171680767495E-4
8313935,1.1078079517444297E-4
10430422,1.0677481350076402E-4
11516561,1.0650171680767495E-4
7770005,1.0
9597090,1.0652448834019205E-4
11165374,1.0650171680767495E-4
9782459,1.262002743484225E-4
12811635,1.0
11861652,1.262002743484225E-4
8825898,1.1049794223279378E-4
9121226,1.262002743484225E-4
11904138,1.0663814320786267E-4
11067868,1.0717146776406036E-4
7876895,1.0655920165171847E-4
9620064,1.262002743484225E-4
9596412,1.262002743484225E-4
8859062,1.0662511809608343E-4
10582625,1.066421017983942E-4
12876550,1.262002743484225E-4
10652986,1.0650606501894993E-4
7970216,1.1425488229963919E-4
12365882,1.0662916606712596E-4
10936884,1.068803321062461E-4
9869645,1.262002743484225E-4
8295635,1.0650171680767495E-4
12105308,1.2042773142868259E-4
8709704,1.262002743484225E-4
11722612,1.262002743484225E-4
11416775,1.0702860109833036E-4
8039724,1.0717146776406036E-4
10501208,1.0650171680767495E-4
8624078,1.1792939527279315E-4
10935434,1.0
11807900,1.101227751791359E-4
9213069,1.0650171680767495E-4
9040748,1.3484295986143129E-4
10952022,1.0652448834019205E-4
9682830,1.0
11430905,1.262002743484225E-4
9658938,1.0
9221977,1.0689493575824218E-4
7668835,1.1039778596807167E-4
11143490,1.0687598840927708E-4
8961669,1.0
12391602,1.262002743484225E-4
12142731,1.066249752790976E-4
8123007,1.262002743484225E-4
10411671,1.138715830175655E-4
7738980,1.0
7970208,1.0650171680767495E-4
12413003,1.0
10624576,1.1325659211414254E-4
8692753,1.1414941291186019E-4
8596645,1.6337824019419227E-4
9823831,1.1081668803522633E-4
12471457,1.2249909262951943E-4
12123862,1.067483918026188E-4
10899434,1.0
11684342,1.262002743484225E-4
9316155,1.0
10360679,1.0650634578153128E-4
11849755,1.262002743484225E-4
10364643,1.1124128622108855E-4
11734357,1.262002743484225E-4
12833577,1.067483767326025E-4
9366728,1.0650249103978054E-4
11302074,1.1750970509009046E-4
8624095,1.488497206168033E-4
12755040,1.0
8880693,1.262002743484225E-4
12015813,1.0708918315205413E-4
9100668,1.1013116646674767E-4
10563653,1.0
12607822,1.0650171680767495E-4
12552039,1.0650606030720386E-4
7664194,1.1146227709190674E-4
7776813,1.262002743484225E-4
10354518,1.1025890674133713E-4
11387943,1.0650186431553967E-4
11683989,1.2235233232816992E-4
8526476,1.262002743484225E-4
11212354,1.2139873551578244E-4
11173882,1.0
11684351,1.262002743484225E-4
7968026,1.0
10329743,1.1466795590271743E-4
7853700,1.262002743484225E-4
11193807,1.345580853682846E-4
10668702,1.1025022443858691E-4
9129722,1.1078408851574518E-4
10816430,1.2393426440773556E-4
10885540,1.0
12556576,1.0
12552038,1.1038758301924585E-4
8786385,1.0655920165171847E-4
10811879,1.0678515114876588E-4
11123940,1.0652169066338384E-4
10172880,1.1374383355059684E-4
10367700,1.0
8632166,1.0
10599878,1.262002743484225E-4
9051750,1.14413508520316E-4
11770221,1.0
8086986,1.0652448834019205E-4
10599773,1.1025022443858691E-4
8083686,1.262002743484225E-4
12067591,1.0
8726460,1.0650171680767495E-4
12037434,1.262002743484225E-4
10936877,1.0675680131454345E-4
11715112,1.262002743484225E-4
10775535,1.262002743484225E-4
12609489,1.259566591903563E-4
10601411,1.0688032687588661E-4
8171342,1.0663786309756716E-4
10439444,1.262002743484225E-4
9246676,1.0663411714538291E-4
7936253,1.49519890260631E-4
7751846,1.0662931876677888E-4
9173910,1.0651507541565745E-4
9562467,1.1429466330085065E-4
10668701,1.262002743484225E-4
11790212,1.370886973768524E-4
10749663,1.0717146776406036E-4
7710373,1.068946170424543E-4
10636159,1.262002743484225E-4
11912108,1.262002743484225E-4
10815129,1.262002743484225E-4
12507910,1.0
11732920,1.0703474726486067E-4
11172628,1.1375221512665358E-4
11408727,1.0665137684227744E-4
9486746,1.0650171680767495E-4
12498968,1.262002743484225E-4
8848934,1.066382820242442E-4
8762193,1.0650171680767495E-4
10732806,1.262002743484225E-4
9566384,1.068946170424543E-4
11068149,1.0665589774480048E-4
7824157,1.4823683320957688E-4
12849539,1.262002743484225E-4
12205106,1.262002743484225E-4
10428071,1.262002743484225E-4
9520072,1.0717146776406036E-4
7713402,1.262002743484225E-4
11523146,1.49519890260631E-4
8636429,1.262002743484225E-4
8761338,1.262002743484225E-4
11095526,1.4005805790520353E-4
9559926,1.1386694953522653E-4
12928512,1.0
7846048,1.101227751791359E-4
10629142,1.262002743484225E-4
12417379,1.0666627660131295E-4
9576554,1.1040042730836735E-4
7700596,1.262002743484225E-4
10860300,1.262002743484225E-4
8912482,1.0
7478253,1.0662511809608343E-4
12405546,1.0717146776406036E-4
8864947,1.262002743484225E-4
10625715,1.0650171680767495E-4
12552037,1.2305207573111028E-4
10428074,1.065144982854101E-4
12584430,1.7283950617283953E-4
9280168,1.0650171680767495E-4
14512715,1.1037767369803791E-4
11816788,1.106334745067522E-4
11122949,1.0691301698999052E-4
12116196,1.316486351298662E-4
10854768,1.0
8154882,1.262002743484225E-4
10462111,1.3840108606837613E-4
12411758,1.1746931381476632E-4
7909036,1.262002743484225E-4
10192209,1.0
8980016,1.1055359147282948E-4
10687744,1.4011206254948815E-4
8803820,1.0
10186439,1.262002743484225E-4
9520001,1.0
7605379,1.0687598840927708E-4
12232782,1.0688175420913842E-4
9743563,1.262002743484225E-4
7574468,1.0663967630957146E-4
12480755,1.0717146776406036E-4
10867209,1.1390409451519454E-4
12077730,1.262002743484225E-4
11285089,1.1025051979574923E-4
11476599,1.1468349370968727E-4
11343837,1.1028606676625188E-4
11889238,1.1848340296401044E-4
7964823,1.179994352758618E-4
8786847,1.247545733912286E-4
7700578,1.262002743484225E-4
11333435,1.0674823375052023E-4
11698154,1.0650171680767495E-4
12834112,1.262002743484225E-4
12451108,1.3457154053532076E-4
9740234,1.0650171680767495E-4
9781520,1.0662511809608343E-4
10835442,1.0662526074797282E-4
8867586,1.0
11017931,1.0
9339270,1.0
8648892,1.0650171680767495E-4
9486747,1.0650171680767495E-4
12112161,1.262002743484225E-4
10818499,1.0749933575026197E-4
8730823,1.1013659918456204E-4
8744402,1.0652448834019205E-4
8679539,1.0650171680767495E-4
9259370,1.0675693079170807E-4
7703749,1.1791555930929105E-4
9003062,1.6420995074666536E-4
7696597,1.262002743484225E-4
12807963,1.0650215613091105E-4
8993481,1.1468407549236717E-4
12495082,1.0662511809608343E-4
10501182,1.0717146776406036E-4
10840275,1.1091228062957748E-4
9470136,1.0680269758599254E-4
10436115,1.10667032227487E-4
12459519,1.1013550041359037E-4
10526094,1.262002743484225E-4
12876259,1.4471951943004557E-4
9012418,1.3219620996449897E-4
9382479,1.067722237406613E-4
9831992,1.297872572894022E-4
11320185,1.1012292268700063E-4
11578777,1.0728703374459057E-4
8309588,1.0
9681639,1.262002743484225E-4
9153523,1.262002743484225E-4
9347936,1.1079554931694124E-4
12788204,1.1107299628914829E-4
9386782,1.0652448834019205E-4
12376533,1.262002743484225E-4
9169250,1.0717146776406036E-4
9486483,1.1040097766900585E-4
10891924,1.0688032687588661E-4
8702415,1.1928067091480879E-4
11445269,1.0
11129109,1.0740162797525239E-4
9350853,1.1064233121426752E-4
9710033,1.262002743484225E-4
9129729,1.262002743484225E-4
12384263,1.262002743484225E-4
9619639,1.290054069760982E-4
8309625,1.0652448834019205E-4
10912918,1.108166451270233E-4
9693262,1.262002743484225E-4
8740984,1.0
8544551,1.0
10818510,1.0650171680767495E-4
8791246,1.1437559781829093E-4
9804121,1.0651010809528673E-4
10604441,1.0
8618881,1.0650171680767495E-4
7582040,1.262002743484225E-4
12890772,1.0875720164609055E-4
8622392,1.068946170424543E-4
11715411,1.0689493575824218E-4
11125144,1.1014016590717953E-4
10771168,1.0651459963763953E-4
11255440,1.06638153638488E-4
7802679,1.0796433470507546E-4
11173875,1.1025471560484936E-4
11816786,1.0650171680767495E-4
11578751,1.0796433470507546E-4
9562469,1.0650171680767495E-4
12722493,1.0691219532267444E-4
8024269,1.0
11863377,1.49519890260631E-4
7783958,1.262002743484225E-4
9837937,1.262002743484225E-4
11443731,1.0651010809528673E-4
9547235,1.2959927377578133E-4
9225693,1.0651039408313208E-4
7700274,1.0
9033259,1.0717146776406036E-4
10920030,1.0650171680767495E-4
11281316,1.1857461430766E-4
8083687,1.262002743484225E-4
7849527,1.262002743484225E-4
11939894,1.2253659234743938E-4
9013407,1.0717146776406036E-4
10559559,1.1065349572787104E-4
8083685,1.0
9672379,1.262002743484225E-4
8624097,1.1789874865115432E-4
12169205,1.0
11642543,1.262002743484225E-4
7619525,1.262002743484225E-4
10066860,1.0650171680767495E-4
9326451,1.262002743484225E-4
10638195,1.0
8993483,1.1374383355059684E-4
7816154,1.1031420576131688E-4
7619017,1.262002743484225E-4
7818703,1.0
10961427,1.0704126144897713E-4
8958361,1.262002743484225E-4
12885574,1.262002743484225E-4
10213152,1.0
10744589,1.0
8871952,1.262002743484225E-4
8712790,1.0650171680767495E-4
12856536,1.49519890260631E-4
9549589,1.0650171680767495E-4
11844869,1.262002743484225E-4
8624094,1.0651507541565745E-4
9213859,1.0
11848621,1.1775779000356108E-4
9780089,1.262002743484225E-4
11899259,1.262002743484225E-4
7721816,1.1468522461598952E-4
12230301,1.0796433470507546E-4
9307253,1.0
8632164,1.0652448834019205E-4
9633759,1.1039566096673968E-4
12507771,1.06647322705699E-4
12007670,1.0
9219743,1.262002743484225E-4
8651641,1.1013745921521854E-4
10364641,1.1039605511361597E-4
10910426,1.0707402274188251E-4
9211985,1.301943377783947E-4
9327086,1.068946170424543E-4
8811505,1.1416180819469272E-4
11769625,1.262002743484225E-4
9130294,1.0
8832646,1.0650171680767495E-4
9152721,1.49519890260631E-4
12486146,2.0679998896591277E-4
12782758,1.262002743484225E-4
8834536,1.162109933673497E-4
11327877,1.0650171680767495E-4
9539408,1.0
11925775,1.49519890260631E-4
9467014,1.0751195879426944E-4
7717688,1.0717146776406036E-4
9181358,1.1776975037619674E-4
10419818,1.49519890260631E-4
11358444,1.0700485566180181E-4
7617191,1.1064643482494008E-4
9218507,1.0
9562306,1.262002743484225E-4
9327723,1.0650171680767495E-4
8161573,1.137606161258204E-4
9704150,1.262002743484225E-4
11132184,1.0650606501894993E-4
10818508,1.066382820242442E-4
11259129,1.262002743484225E-4
10653281,1.0730137515764046E-4
8525796,1.069362012473175E-4
11110974,1.0662931876677888E-4
9470130,1.262002743484225E-4
8757051,1.0
12077215,1.0677989722234337E-4
12548360,1.262002743484225E-4
11804704,1.068806235713391E-4
12226532,1.0650171680767495E-4
9559653,1.262002743484225E-4
12226534,1.0650171680767495E-4
11513353,1.262002743484225E-4
9593678,1.0650634578153128E-4
8273205,1.262002743484225E-4
9181359,1.262002743484225E-4
9990558,1.0662946679381943E-4
7977635,1.1090745136399078E-4
11325345,1.13756415626237E-4
11930145,1.0
8624096,1.1604106962802261E-4
12117549,1.1012697082294178E-4
8725748,1.1173312539461466E-4
9508150,1.5061808303007748E-4
11311545,1.0650171680767495E-4
9700658,1.1993672892277632E-4
9647321,1.0
12468034,1.1024632493033137E-4
9329691,1.0675339764973062E-4
12433260,1.06638153638488E-4
10501193,1.262002743484225E-4
11312553,1.0
12392766,1.0650171680767495E-4
7583250,1.262002743484225E-4
9925654,1.262002743484225E-4
11016543,1.1427205997503863E-4
9174000,1.262002743484225E-4
11470958,1.0674851938449189E-4
7891889,1.0
9523562,1.0717146776406036E-4
10394937,1.262002743484225E-4
9066369,1.262002743484225E-4
8185566,1.0
7951676,1.0757817064246422E-4
9187933,1.102598372187894E-4
12935416,1.0
9153643,1.0650171680767495E-4
11231028,1.1139128788520048E-4
8620924,1.0690274286281094E-4
9018389,1.1064729789566057E-4
9628766,1.0
8075646,1.2140859853320485E-4
8841967,1.2695358887744617E-4
9222173,1.1186978137117816E-4
8669492,2.512274669929599E-4
11705626,1.262002743484225E-4
7818636,1.262002743484225E-4
10213175,1.0682620497572588E-4
12230303,1.0662483279230463E-4
10208564,1.0
7824200,1.1065258950939183E-4
8040342,1.2378013870117997E-4
8843828,1.262002743484225E-4
10322238,1.1387996511279807E-4
12053131,1.1689599500340776E-4
11044587,1.262002743484225E-4
7568158,1.262002743484225E-4
8070517,1.1959251055816344E-4
9403708,1.0665137684227744E-4
8823200,1.0650171680767495E-4
8826994,1.0702860109833036E-4
9855543,1.262002743484225E-4
8747858,1.0651195015413775E-4
12901781,1.0650171680767495E-4
10571241,1.262002743484225E-4
11357958,1.262002743484225E-4
11893839,1.0650171680767495E-4
9143263,1.0717146776406036E-4
10494348,1.0675339764973062E-4
12115887,1.262002743484225E-4
11060007,1.0
8906609,1.262002743484225E-4
9647302,1.1152793554764194E-4
14507342,1.0663383625886837E-4
12724118,1.0717146776406036E-4
12559837,1.262002743484225E-4
9057170,1.106675735356736E-4
8971103,1.0650171680767495E-4
8042921,1.262002743484225E-4
9335533,1.262002743484225E-4
9398632,1.1066016978774909E-4
14511323,1.262002743484225E-4
11464462,1.262002743484225E-4
9300650,1.0650171680767495E-4
9369084,2.689490818200876E-4
7746463,1.1920417016636427E-4
12581338,1.105233160383916E-4
9577654,1.0
7611715,1.0693360022187039E-4
10432380,1.262002743484225E-4
8786396,1.262002743484225E-4
9572591,1.1468414298032074E-4
11673590,1.334602307468504E-4
9198315,1.262002743484225E-4
12646385,1.262002743484225E-4
9427340,1.0651195015413775E-4
9370233,1.0717146776406036E-4
11305869,1.0650171680767495E-4
10206226,1.2987044295082367E-4
12559836,1.0
9705582,1.0
12657430,1.065059174992156E-4
9863603,1.1052891740359265E-4
7566008,1.0650171680767495E-4
10746604,1.0702860109833036E-4
9681640,1.262002743484225E-4
9674794,1.2599507273848164E-4
12809979,1.0650171680767495E-4
8682150,1.49519890260631E-4
11769703,1.1013659918456204E-4
8951889,1.0650171680767495E-4
10861213,1.065144427754335E-4
7550352,1.1412694669192659E-4
11173876,1.065146380793247E-4
11940689,1.262002743484225E-4
12761223,1.0875720164609055E-4
12453676,1.262002743484225E-4
10558867,1.0662931876677888E-4
8128961,1.1374383355059684E-4
10587578,1.0666472323849678E-4
7595642,1.1039958933994512E-4
10399868,1.0663864162793616E-4
8940294,1.1390453680699649E-4
9524247,1.262002743484225E-4
11936240,1.262002743484225E-4
11336076,1.262002743484225E-4
9048987,1.0
10400250,1.0
11483304,1.0819244751483718E-4
9932417,1.262002743484225E-4
8816305,1.0667260824483382E-4
9700655,1.0664720547214506E-4
11930162,1.262002743484225E-4
10534156,1.0
8203459,1.1479452173929085E-4
11041282,1.0764263240499092E-4
9886074,1.0687764262341471E-4
9669695,1.0675274792724859E-4
7847069,1.1040219980081624E-4
10767725,1.0652448834019205E-4
9721442,1.0
11893773,1.262002743484225E-4
9521254,1.066249752790976E-4
7969418,1.0650171680767495E-4
7675243,1.1039584438732082E-4
10806314,1.0650171680767495E-4
12457072,1.177658511430379E-4
9592052,1.262002743484225E-4
11161595,1.0650171680767495E-4
10738542,1.0
12676346,1.0
11940706,1.262002743484225E-4
11778650,1.0650249103978054E-4
10785619,1.262002743484225E-4
8687416,1.0796433470507546E-4
7676127,1.0650171680767495E-4
11698153,1.0651010323950921E-4
12475089,1.0
9708953,1.0650171680767495E-4
7487559,1.2172267035350007E-4
10994644,1.262002743484225E-4
12573540,1.0650608095910242E-4
12095226,1.262002743484225E-4
10898905,1.262002743484225E-4
7847865,1.262002743484225E-4
11256794,1.262002743484225E-4
8741397,1.0650171680767495E-4
9290497,1.2199831359165784E-4
12875979,1.262002743484225E-4
7884953,1.1483802095740832E-4
9003067,1.0717146776406036E-4
9605496,1.0
8786379,1.0717146776406036E-4
9412500,1.108387402689606E-4
8710076,1.0662916606712596E-4
10528114,1.1767928743895326E-4
11273849,1.262002743484225E-4
10867214,1.0650171680767495E-4
10325447,1.262002743484225E-4
12824768,1.262002743484225E-4
10959835,1.262002743484225E-4
11531831,1.0650171680767495E-4
9218645,1.0677936893690639E-4
8774959,1.0
7603172,1.0
10592684,1.262002743484225E-4
12950448,1.0728703374459057E-4
9129962,1.0662931876677888E-4
10737693,1.262002743484225E-4
9844031,1.262002743484225E-4
8741132,1.067483767326025E-4
9052714,1.2449151720498458E-4
10078062,1.7283950617283953E-4
8915608,1.1063363796663901E-4
9875528,1.0650171680767495E-4
9460714,1.5622909054774055E-4
10364640,1.0
12402229,1.262002743484225E-4
7818244,1.1445780307197943E-4
10027555,1.0651010375750305E-4
8158175,1.0691219532267444E-4
11182472,1.0
9214529,1.0717146776406036E-4
9292886,1.0650171680767495E-4
7585009,1.1065136220533462E-4
12658281,1.0662526655887043E-4
12722978,1.262002743484225E-4
8804993,1.262002743484225E-4
12951205,1.0651010375750305E-4
11882522,1.262002743484225E-4
12657895,1.1025471560484936E-4
10699053,1.2560019461887417E-4
11070505,1.1755835844707961E-4
11005255,1.0650171680767495E-4
8682647,1.0
8624107,1.0
9876967,1.0650171680767495E-4
9701681,1.0
12917433,1.262002743484225E-4
11074789,1.262002743484225E-4
8525799,1.065164008437576E-4
10822352,1.0650171680767495E-4
9073026,1.0650171680767495E-4
9008509,1.0
10846860,1.262002743484225E-4
12042316,1.262002743484225E-4
9929679,1.0651027395630485E-4
11898555,1.0650171680767495E-4
11448080,1.0650171680767495E-4
8980023,1.1402637262421432E-4
11936239,1.1050558628418156E-4
11122698,1.262002743484225E-4
9178861,1.1039566096673968E-4
10867785,1.3584345041317553E-4
8878109,1.0
7715296,1.0663007420260026E-4
11825674,1.0717146776406036E-4
10766998,1.0676667698844293E-4
7891887,1.182966007822629E-4
10940674,1.329696923246585E-4
8804040,1.1428669988020992E-4
8756999,1.0650171680767495E-4
8815160,1.0
9436726,1.0717146776406036E-4
12668899,1.065059174992156E-4
11987699,1.0650171680767495E-4
9052712,1.0651009838373168E-4
11442298,1.262002743484225E-4
9700208,1.3621471641339514E-4
8649585,1.0717146776406036E-4
10076900,1.0
8082773,1.0
10079115,1.0
10507547,1.0650605527428448E-4
9126060,1.0717146776406036E-4
12392781,1.1078424322014707E-4
8786409,1.0
11375142,1.262002743484225E-4
9067471,1.0700821544375061E-4
10349334,1.3002108004195467E-4
8047278,1.1055934921639581E-4
12962909,1.2703258050480933E-4
11592113,1.262002743484225E-4
9328480,1.0
10869806,1.262002743484225E-4
11305015,1.1025471560484936E-4
7724603,1.0
9697689,1.0
12810610,1.262002743484225E-4
8846237,1.1038295320341908E-4
8875468,1.0819244751483718E-4
11273064,1.1375686371778829E-4
9298817,1.0650171680767495E-4
12237848,1.0662483279230463E-4
11558492,1.262002743484225E-4
11299424,1.0
9743577,1.0
10081980,1.262002743484225E-4
10352866,1.0650171680767495E-4
8526475,1.262002743484225E-4
11216203,1.0
11565608,1.262002743484225E-4
8619535,1.0
9469259,1.0717146776406036E-4
10656299,1.0650171680767495E-4
10637934,1.0
9622609,1.0650171680767495E-4
10338292,1.066249752790976E-4
11113336,1.0700485566180181E-4
11790634,1.0653299316029255E-4
9831995,1.1926246665483172E-4
9305342,1.0663381029334835E-4
8656943,1.0717146776406036E-4
10570509,1.262002743484225E-4
9689449,1.262002743484225E-4
10207721,1.0
8683540,1.0650171680767495E-4
12614323,1.0651038968090848E-4
8872419,1.0665137684227744E-4
8955927,1.262002743484225E-4
10403716,1.262002743484225E-4
12533085,1.0
9175590,1.0
9102150,1.0
12145452,1.0
10818505,1.219829162715246E-4
7540552,1.0
7609909,1.262002743484225E-4
10794857,1.262002743484225E-4
9751198,1.0650171680767495E-4
8858181,1.0679499854553874E-4
7525898,1.0664029169028522E-4
10483785,1.4311158215076582E-4
10852539,1.1953021664675627E-4
7566000,1.3448681729515236E-4
9221767,1.262002743484225E-4
9786245,1.0717146776406036E-4
11421127,1.262002743484225E-4
9660395,1.0717146776406036E-4
10219785,1.262002743484225E-4
8676723,1.262002743484225E-4
7581381,1.0717146776406036E-4
12123847,1.262002743484225E-4
9237487,1.262002743484225E-4
9678311,1.1051456477276463E-4
9862571,1.262002743484225E-4
12049183,1.1067522101514411E-4
11746653,1.262002743484225E-4
8644745,1.0737532957500697E-4
12682309,1.262002743484225E-4
7937774,1.067836721753499E-4
10873585,1.262002743484225E-4
14574626,1.262002743484225E-4
12391598,1.262002743484225E-4
12614344,1.0
10369887,1.0663815970147683E-4
11248079,1.0
12618306,1.0
10422994,1.262002743484225E-4
7526899,1.262002743484225E-4
10369305,1.1038232799457861E-4
11076057,1.1051474309596568E-4
10430421,1.0652808982721157E-4
12006218,1.0675257725004914E-4
9631384,1.1038302871903205E-4
10559556,1.0
8751868,1.0650171680767495E-4
11425005,1.0
10591674,1.262002743484225E-4
11315514,1.2564150725140598E-4
10772123,1.0
10694577,1.281640301321439E-4
9536100,1.0690320358824282E-4
12074828,1.0652378926633157E-4
7574461,1.262002743484225E-4
11840304,1.0
7592957,1.1390458267005428E-4
11293821,1.0664029169028522E-4
8993489,1.1012696596716427E-4
11343827,1.1037380629870954E-4
10487842,1.1429433357979724E-4
9143266,1.0
12411763,1.1038261865095378E-4
7473659,1.065020118350405E-4
7783869,1.0
10190327,1.2559553917498528E-4
10192208,1.262002743484225E-4
9880043,1.1103645025254346E-4
8128315,1.262002743484225E-4
11716140,1.1025022443858691E-4
9547165,1.0
8071310,1.262002743484225E-4
11556686,1.0717146776406036E-4
10604440,1.0
10489042,1.0800167325923663E-4
12379263,1.153686063737254E-4
10413465,1.1756555082505335E-4
7644022,1.0662527621202373E-4
11007687,1.262002743484225E-4
11436129,1.0675724183070285E-4
11535112,1.1859878099342689E-4
9307578,1.4031397340115166E-4
9718053,1.0679063922542647E-4
12930057,1.0
11816789,1.262002743484225E-4
8780111,1.0663411714538291E-4
11860878,1.0
8890795,1.262002743484225E-4
9349544,1.0650590759570332E-4
11125748,1.1104552220658154E-4
8649552,1.0650590759570332E-4
11425936,1.0
8035940,1.0
12363410,1.262002743484225E-4
10775884,1.1025471560484936E-4
12901842,1.1482386699699569E-4
10737125,1.262002743484225E-4
7755355,1.0700855078634297E-4
9409253,1.0650171680767495E-4
9454617,1.0
10208640,1.1043398930391629E-4
10946021,1.262002743484225E-4
11756600,1.262002743484225E-4
11408789,1.262002743484225E-4
12580702,1.262002743484225E-4
8290946,1.0650171680767495E-4
11035488,1.262002743484225E-4
10408574,1.0
12826741,1.262002743484225E-4
11971084,1.0663381029334835E-4
11844476,1.1050601945156338E-4
9066358,1.262002743484225E-4
9307262,1.0
10448801,1.3847920767047075E-4
11893834,1.0
10502286,1.0687764262341471E-4
9341576,1.1051474309596568E-4
9649761,1.262002743484225E-4
10713392,1.0
11257253,1.262002743484225E-4
10593300,1.0662916606712596E-4
11240021,1.101227751791359E-4
9733229,1.1013536211055357E-4
10936880,1.5488424432538449E-4
9708864,1.0
8656944,1.49519890260631E-4
11123907,1.0717146776406036E-4
11447828,1.7283950617283953E-4
10998477,1.0650605527428448E-4
9916507,1.109107542465313E-4
8602762,1.0651893776130153E-4
7970234,1.2190089059285972E-4
12642767,1.0652448834019205E-4
9547474,1.0717146776406036E-4
7824144,1.0746531907150267E-4
11058789,1.071524696827618E-4
12182886,1.1037782137080127E-4
11711225,1.0717146776406036E-4
9876966,1.0690909413699036E-4
8947284,1.2186802642144781E-4
11988340,1.0650171680767495E-4
7972031,1.1442756761629387E-4
10022033,1.0
7566652,1.1079328016176493E-4
12951193,1.1240890875052918E-4
9015824,1.262002743484225E-4
8841971,1.0717146776406036E-4
9425904,1.1604548645623192E-4
10071711,1.1025906934133629E-4
11087768,1.0662916606712596E-4
10936878,1.0717146776406036E-4
10984073,1.262002743484225E-4
8725895,1.262002743484225E-4
9520135,1.0674823375052023E-4
12490529,1.0650171680767495E-4
7891871,1.153540926405452E-4
9184634,1.0650171680767495E-4
11591456,1.0674837656750606E-4
11589913,1.0674851938449189E-4
10855603,1.0717146776406036E-4
12582468,1.49519890260631E-4
11290387,1.262002743484225E-4
10671320,1.0650171680767495E-4
12490540,1.0
9520006,1.916189242075582E-4
11574101,1.262002743484225E-4
9850873,1.4159815052163226E-4
10431657,1.0
9728943,1.3355738516199157E-4
11598497,1.262002743484225E-4
9667603,1.0650171680767495E-4
8624080,1.0689383918649167E-4
7668834,1.262002743484225E-4
8089103,1.0
11166730,1.0650171680767495E-4
12566177,1.0
10765057,1.2112631061595214E-4
9424665,1.262002743484225E-4
12806589,1.0
9524800,1.1565510487803535E-4
11060356,1.0717146776406036E-4
12111863,1.1063068712294721E-4
7728146,1.0650171680767495E-4
8139083,1.0650590759570332E-4
8554056,1.0650171680767495E-4
10737598,1.0717146776406036E-4
9701675,1.1375642048201451E-4
7488135,1.0650171680767495E-4
11576650,1.0651010809528673E-4
8854306,1.0650171680767495E-4
9089676,1.0717146776406036E-4
9014911,1.262002743484225E-4
11992623,1.262002743484225E-4
10867200,1.262002743484225E-4
10474059,1.0717146776406036E-4
10030402,1.0662931876677888E-4
8830309,1.2092096853837515E-4
7914580,1.0
9651008,1.1754997369831567E-4
9785148,1.1400826488951727E-4
9536099,1.262002743484225E-4
10668703,1.1025022443858691E-4
9017530,1.1038681932748078E-4
9756330,1.546011490519819E-4
8652146,1.1071189786792728E-4
8559364,1.0650171680767495E-4
11496365,1.262002743484225E-4
10525138,1.0687598840927708E-4
9696068,1.104184047047496E-4
10454160,1.0764263240499092E-4
11739991,1.0717146776406036E-4
12525890,1.49519890260631E-4
11113612,1.0650171680767495E-4
12459889,1.1025501195732191E-4
9270069,1.151703997390127E-4
8058125,1.262002743484225E-4
8592548,1.1053395950637132E-4
8013374,1.0717146776406036E-4
11676291,1.0702807758944583E-4
8644717,1.424348779208944E-4
9086466,1.0
10936881,1.0662960537458599E-4
11934472,1.262002743484225E-4
9635475,1.262002743484225E-4
10381540,1.0650171680767495E-4
11145984,1.1024603365055854E-4
10609670,1.218177031923394E-4
9223597,1.262002743484225E-4
7486872,1.237579670554881E-4
8929157,1.37980794636641E-4
8891070,1.0717146776406036E-4
9627181,1.0650171680767495E-4
9591838,1.0
8172944,1.0
10910416,1.1038681932748078E-4
11741391,1.1412820941866984E-4
8618665,1.1014914819867252E-4
11869551,1.0650171680767495E-4
9583189,1.0650249103978054E-4
10918055,1.49519890260631E-4
9777946,1.1601226766704249E-4
10980578,1.301046473746503E-4
9862642,1.0
9566379,1.0650171680767495E-4
11738469,1.262002743484225E-4
8744406,1.0717146776406036E-4
11790235,1.0
11755000,1.0650171680767495E-4
11769724,1.0650591730164508E-4
8761956,1.0650171680767495E-4
9588907,1.0650171680767495E-4
11032626,1.101227751791359E-4
7936857,1.262002743484225E-4
9147408,1.105329532680722E-4
10818526,1.262002743484225E-4
