7473659 2.1947873799725651E-4
7474917 2.1947873799725651E-4
7478253 2.1947873799725651E-4
7485228 5.69272976680384E-4
7486872 9.190672153635114E-4
7487559 9.190672153635114E-4
7488135 2.1947873799725651E-4
7525898 3.36076817558299E-4
7526899 2.1947873799725651E-4
7532337 8.02469135802469E-4
7534068 8.02469135802469E-4
7539827 2.1947873799725651E-4
7542371 4.526748971193415E-4
7550352 4.526748971193415E-4
7566000 0.0015020576131687237
7566008 3.36076817558299E-4
7566652 3.36076817558299E-4
7568158 2.1947873799725651E-4
7574461 2.1947873799725651E-4
7574468 2.1947873799725651E-4
7579137 4.526748971193415E-4
7581381 2.1947873799725651E-4
7582040 2.1947873799725651E-4
7583250 2.1947873799725651E-4
7585009 3.36076817558299E-4
7592957 4.526748971193415E-4
7595642 3.36076817558299E-4
7595656 4.526748971193415E-4
7605379 2.1947873799725651E-4
7609909 2.1947873799725651E-4
7611715 2.1947873799725651E-4
7612383 2.1947873799725651E-4
7615568 8.02469135802469E-4
7617191 4.526748971193415E-4
7619017 2.1947873799725651E-4
7619525 2.1947873799725651E-4
7637575 2.1947873799725651E-4
7639323 3.36076817558299E-4
7644022 2.1947873799725651E-4
7646655 2.1947873799725651E-4
7649988 3.36076817558299E-4
7654070 8.02469135802469E-4
7654074 4.526748971193415E-4
7664194 3.36076817558299E-4
7668834 2.1947873799725651E-4
7668835 3.36076817558299E-4
7670501 0.0011522633744855963
7672107 3.36076817558299E-4
7673184 2.1947873799725651E-4
7675243 3.36076817558299E-4
7676127 3.36076817558299E-4
7695621 9.190672153635114E-4
7696597 2.1947873799725651E-4
7696609 3.36076817558299E-4
7700444 2.1947873799725651E-4
7700578 2.1947873799725651E-4
7700596 2.1947873799725651E-4
7700597 2.1947873799725651E-4
7703749 6.858710562414266E-4
7706948 2.1947873799725651E-4
7710373 3.36076817558299E-4
7710374 2.1947873799725651E-4
7713402 2.1947873799725651E-4
7715296 3.36076817558299E-4
7717688 2.1947873799725651E-4
7721816 6.858710562414266E-4
7728146 2.1947873799725651E-4
7729825 6.858710562414266E-4
7740560 2.1947873799725651E-4
7746463 6.858710562414266E-4
7751846 2.1947873799725651E-4
7755355 2.1947873799725651E-4
7755725 2.1947873799725651E-4
7761390 3.36076817558299E-4
7763336 9.190672153635114E-4
7765750 2.1947873799725651E-4
7776813 2.1947873799725651E-4
7783958 2.1947873799725651E-4
7783963 4.526748971193415E-4
7802679 3.36076817558299E-4
7810577 3.36076817558299E-4
7810590 2.1947873799725651E-4
7814023 4.526748971193415E-4
7816154 4.526748971193415E-4
7818244 4.526748971193415E-4
7818249 2.1947873799725651E-4
7818636 2.1947873799725651E-4
7823376 2.1947873799725651E-4
7824144 3.36076817558299E-4
7824157 0.0017352537722908085
7824200 3.36076817558299E-4
7841371 3.36076817558299E-4
7846048 3.36076817558299E-4
7847069 3.36076817558299E-4
7847865 2.1947873799725651E-4
7847867 6.858710562414266E-4
7849527 2.1947873799725651E-4
7853700 2.1947873799725651E-4
7853720 9.190672153635114E-4
7857652 2.1947873799725651E-4
7876895 2.1947873799725651E-4
7879604 2.1947873799725651E-4
7884953 5.69272976680384E-4
7888092 2.1947873799725651E-4
7891871 6.858710562414266E-4
7891887 9.190672153635114E-4
7898715 3.36076817558299E-4
7909036 2.1947873799725651E-4
7922348 2.1947873799725651E-4
7936253 3.36076817558299E-4
7936857 2.1947873799725651E-4
7937774 2.1947873799725651E-4
7944299 0.0010356652949245538
7944308 3.36076817558299E-4
7951676 2.1947873799725651E-4
7951679 6.858710562414266E-4
7952845 2.1947873799725651E-4
7964823 6.858710562414266E-4
7969418 3.36076817558299E-4
7969426 2.1947873799725651E-4
7970208 2.1947873799725651E-4
7970216 6.858710562414266E-4
7970234 0.0011522633744855963
7972031 4.526748971193415E-4
7977363 2.1947873799725651E-4
7977635 3.36076817558299E-4
7992850 0.0013854595336076812
8013374 2.1947873799725651E-4
8014966 2.1947873799725651E-4
8039724 2.1947873799725651E-4
8040342 9.190672153635114E-4
8042228 2.1947873799725651E-4
8042921 2.1947873799725651E-4
8044413 2.1947873799725651E-4
8047278 3.36076817558299E-4
8058125 2.1947873799725651E-4
8058160 3.36076817558299E-4
8069300 0.0022016460905349786
8070517 0.0010356652949245538
8071310 2.1947873799725651E-4
8075630 2.1947873799725651E-4
8075646 0.0010356652949245538
8083686 2.1947873799725651E-4
8083687 2.1947873799725651E-4
8086986 3.36076817558299E-4
8123007 2.1947873799725651E-4
8128315 2.1947873799725651E-4
8128960 0.002085048010973936
8128961 6.858710562414266E-4
8139083 2.1947873799725651E-4
8154882 2.1947873799725651E-4
8158175 2.1947873799725651E-4
8161573 4.526748971193415E-4
8171342 3.36076817558299E-4
8173818 2.1947873799725651E-4
8175773 3.36076817558299E-4
8177532 5.69272976680384E-4
8203459 6.858710562414266E-4
8273205 2.1947873799725651E-4
8290946 2.1947873799725651E-4
8295635 2.1947873799725651E-4
8309625 4.526748971193415E-4
8313935 3.36076817558299E-4
8521945 2.1947873799725651E-4
8525796 5.69272976680384E-4
8525799 2.1947873799725651E-4
8525803 2.1947873799725651E-4
8526475 2.1947873799725651E-4
8526476 2.1947873799725651E-4
8530010 3.36076817558299E-4
8544899 3.36076817558299E-4
8554056 2.1947873799725651E-4
8558171 3.36076817558299E-4
8559364 2.1947873799725651E-4
8572669 4.526748971193415E-4
8576504 2.1947873799725651E-4
8592548 4.526748971193415E-4
8596269 3.36076817558299E-4
8596645 0.0026680384087791483
8602063 2.1947873799725651E-4
8602762 2.1947873799725651E-4
8614504 0.003251028806584361
8618665 6.858710562414266E-4
8618855 4.526748971193415E-4
8618881 3.36076817558299E-4
8620924 2.1947873799725651E-4
8622392 4.526748971193415E-4
8624076 4.526748971193415E-4
8624078 6.858710562414266E-4
8624079 3.36076817558299E-4
8624080 5.69272976680384E-4
8624094 2.1947873799725651E-4
8624095 0.0012688614540466389
8624096 3.36076817558299E-4
8624097 5.69272976680384E-4
8624098 3.36076817558299E-4
8631862 8.02469135802469E-4
8632164 2.1947873799725651E-4
8633046 2.1947873799725651E-4
8636429 2.1947873799725651E-4
8642164 3.36076817558299E-4
8644717 0.0012688614540466389
8644745 2.1947873799725651E-4
8648331 0.0010356652949245538
8648892 2.1947873799725651E-4
8649552 2.1947873799725651E-4
8649585 2.1947873799725651E-4
8651641 4.526748971193415E-4
8651653 2.1947873799725651E-4
8652146 4.526748971193415E-4
8656943 2.1947873799725651E-4
8656944 3.36076817558299E-4
8659934 2.1947873799725651E-4
8669492 0.005116598079561045
8674441 3.36076817558299E-4
8676723 2.1947873799725651E-4
8679539 2.1947873799725651E-4
8682150 3.36076817558299E-4
8683540 2.1947873799725651E-4
8687416 2.1947873799725651E-4
8691961 2.1947873799725651E-4
8692753 4.526748971193415E-4
8702415 0.0010356652949245538
8709703 2.1947873799725651E-4
8709704 2.1947873799725651E-4
8710076 4.526748971193415E-4
8710077 2.1947873799725651E-4
8710175 2.1947873799725651E-4
8711797 2.1947873799725651E-4
8712790 2.1947873799725651E-4
8725748 3.36076817558299E-4
8725895 2.1947873799725651E-4
8726460 2.1947873799725651E-4
8730823 3.36076817558299E-4
8731381 5.69272976680384E-4
8733730 3.36076817558299E-4
8741132 4.526748971193415E-4
8741397 5.69272976680384E-4
8744402 2.1947873799725651E-4
8744405 2.1947873799725651E-4
8744406 2.1947873799725651E-4
8747858 4.526748971193415E-4
8751868 2.1947873799725651E-4
8756999 2.1947873799725651E-4
8761338 2.1947873799725651E-4
8761956 2.1947873799725651E-4
8762193 3.36076817558299E-4
8773602 2.1947873799725651E-4
8773610 2.1947873799725651E-4
8780111 2.1947873799725651E-4
8782820 3.36076817558299E-4
8786379 2.1947873799725651E-4
8786385 2.1947873799725651E-4
8786396 2.1947873799725651E-4
8786847 9.190672153635114E-4
8791246 5.69272976680384E-4
8797010 0.0016186556927297662
8803817 2.1947873799725651E-4
8804040 5.69272976680384E-4
8804993 2.1947873799725651E-4
8811124 2.1947873799725651E-4
8811505 5.69272976680384E-4
8813351 2.1947873799725651E-4
8816305 2.1947873799725651E-4
8820179 8.02469135802469E-4
8823200 2.1947873799725651E-4
8825894 5.69272976680384E-4
8825898 6.858710562414266E-4
8826994 2.1947873799725651E-4
8829725 5.69272976680384E-4
8830309 6.858710562414266E-4
8830319 5.69272976680384E-4
8832646 2.1947873799725651E-4
8833436 8.02469135802469E-4
8834536 0.0010356652949245538
8841664 8.02469135802469E-4
8841967 8.02469135802469E-4
8841971 2.1947873799725651E-4
8843828 2.1947873799725651E-4
8846237 5.69272976680384E-4
8846238 4.526748971193415E-4
8848271 0.0012688614540466389
8848934 3.36076817558299E-4
8854306 2.1947873799725651E-4
8858181 3.36076817558299E-4
8859062 2.1947873799725651E-4
8864947 2.1947873799725651E-4
8869295 2.1947873799725651E-4
8871590 0.0019684499314128936
8871952 2.1947873799725651E-4
8872415 5.69272976680384E-4
8872419 4.526748971193415E-4
8875468 2.1947873799725651E-4
8880693 2.1947873799725651E-4
8881379 2.1947873799725651E-4
8890599 2.1947873799725651E-4
8890772 0.002318244170096021
8890795 2.1947873799725651E-4
8890929 3.36076817558299E-4
8891070 2.1947873799725651E-4
8892351 2.1947873799725651E-4
8906609 2.1947873799725651E-4
8912490 2.1947873799725651E-4
8915608 3.36076817558299E-4
8929157 0.0019684499314128936
8929997 2.1947873799725651E-4
8931004 2.1947873799725651E-4
8938267 2.1947873799725651E-4
8939277 2.1947873799725651E-4
8940294 4.526748971193415E-4
8941642 2.1947873799725651E-4
8947284 5.69272976680384E-4
8951889 3.36076817558299E-4
8955927 2.1947873799725651E-4
8958361 2.1947873799725651E-4
8971103 2.1947873799725651E-4
8977148 4.526748971193415E-4
8980016 4.526748971193415E-4
8980023 5.69272976680384E-4
8983040 2.1947873799725651E-4
8987775 3.36076817558299E-4
8993478 3.36076817558299E-4
8993479 9.190672153635114E-4
8993481 4.526748971193415E-4
8993483 6.858710562414266E-4
8993485 2.1947873799725651E-4
8993489 4.526748971193415E-4
8996815 2.1947873799725651E-4
9003062 0.0022016460905349786
9003067 4.526748971193415E-4
9003488 2.1947873799725651E-4
9006661 2.1947873799725651E-4
9012418 0.0012688614540466389
9013407 2.1947873799725651E-4
9014911 2.1947873799725651E-4
9015824 2.1947873799725651E-4
9017530 3.36076817558299E-4
9018389 4.526748971193415E-4
9018400 2.1947873799725651E-4
9024330 2.1947873799725651E-4
9030704 5.69272976680384E-4
9033257 2.1947873799725651E-4
9033259 2.1947873799725651E-4
9040748 0.0012688614540466389
9048759 2.1947873799725651E-4
9051750 4.526748971193415E-4
9052712 5.69272976680384E-4
9052714 8.02469135802469E-4
9057170 3.36076817558299E-4
9058415 2.1947873799725651E-4
9066358 2.1947873799725651E-4
9066369 2.1947873799725651E-4
9067471 2.1947873799725651E-4
9073026 2.1947873799725651E-4
9073034 2.1947873799725651E-4
9074395 3.36076817558299E-4
9074396 3.36076817558299E-4
9083560 2.1947873799725651E-4
9089676 2.1947873799725651E-4
9098525 4.526748971193415E-4
9100668 3.36076817558299E-4
9106747 2.1947873799725651E-4
9121226 2.1947873799725651E-4
9121705 4.526748971193415E-4
9125318 2.1947873799725651E-4
9125900 2.1947873799725651E-4
9126060 2.1947873799725651E-4
9129722 4.526748971193415E-4
9129729 2.1947873799725651E-4
9129962 3.36076817558299E-4
9137113 0.0015020576131687237
9143263 2.1947873799725651E-4
9147408 3.36076817558299E-4
9147873 3.36076817558299E-4
9148246 5.69272976680384E-4
9152721 3.36076817558299E-4
9153464 4.526748971193415E-4
9153523 2.1947873799725651E-4
9153643 2.1947873799725651E-4
9164326 2.1947873799725651E-4
9165306 2.1947873799725651E-4
9169250 3.36076817558299E-4
9173910 2.1947873799725651E-4
9174000 2.1947873799725651E-4
9178861 4.526748971193415E-4
9181358 5.69272976680384E-4
9181359 2.1947873799725651E-4
9184634 2.1947873799725651E-4
9185685 2.1947873799725651E-4
9187933 4.526748971193415E-4
9189032 6.858710562414266E-4
9198315 2.1947873799725651E-4
9211985 0.0010356652949245538
9213069 3.36076817558299E-4
9214529 2.1947873799725651E-4
9218645 4.526748971193415E-4
9219743 2.1947873799725651E-4
9219874 2.1947873799725651E-4
9221767 2.1947873799725651E-4
9221969 2.1947873799725651E-4
9221977 4.526748971193415E-4
9222170 2.1947873799725651E-4
9222173 3.36076817558299E-4
9223597 2.1947873799725651E-4
9224523 2.1947873799725651E-4
9225693 4.526748971193415E-4
9236226 2.1947873799725651E-4
9237487 2.1947873799725651E-4
9246676 2.1947873799725651E-4
9258256 2.1947873799725651E-4
9259370 2.1947873799725651E-4
9265639 0.004300411522633746
9270069 4.526748971193415E-4
9280167 0.0010356652949245538
9280168 2.1947873799725651E-4
9285479 2.1947873799725651E-4
9290497 0.0011522633744855963
9292870 3.36076817558299E-4
9292886 3.36076817558299E-4
9298817 2.1947873799725651E-4
9300650 2.1947873799725651E-4
9302273 3.36076817558299E-4
9305342 2.1947873799725651E-4
9307578 0.0018518518518518513
9325076 2.1947873799725651E-4
9326295 2.1947873799725651E-4
9326451 2.1947873799725651E-4
9327086 2.1947873799725651E-4
9327723 2.1947873799725651E-4
9329486 2.1947873799725651E-4
9329686 2.1947873799725651E-4
9329691 2.1947873799725651E-4
9333264 9.190672153635114E-4
9335533 2.1947873799725651E-4
9340870 2.1947873799725651E-4
9340872 8.02469135802469E-4
9341576 5.69272976680384E-4
9341932 2.1947873799725651E-4
9343467 0.0037174211248285315
9347936 3.36076817558299E-4
9349544 3.36076817558299E-4
9350853 3.36076817558299E-4
9366728 4.526748971193415E-4
9369084 0.007215363511659812
9369317 4.526748971193415E-4
9370233 2.1947873799725651E-4
9382479 3.36076817558299E-4
9383026 2.1947873799725651E-4
9386771 4.526748971193415E-4
9386782 2.1947873799725651E-4
9398632 5.69272976680384E-4
9403708 2.1947873799725651E-4
9409253 2.1947873799725651E-4
9412500 9.190672153635114E-4
9422368 2.1947873799725651E-4
9424665 2.1947873799725651E-4
9425904 5.69272976680384E-4
9427340 2.1947873799725651E-4
9436726 2.1947873799725651E-4
9445249 2.1947873799725651E-4
9447442 4.526748971193415E-4
9447448 2.1947873799725651E-4
9460714 0.0022016460905349786
9461617 4.526748971193415E-4
9467014 3.36076817558299E-4
9468467 2.1947873799725651E-4
9469259 2.1947873799725651E-4
9470130 2.1947873799725651E-4
9470136 2.1947873799725651E-4
9471175 3.36076817558299E-4
9482248 4.526748971193415E-4
9482681 4.526748971193415E-4
9484353 6.858710562414266E-4
9484359 2.1947873799725651E-4
9486483 3.36076817558299E-4
9486746 2.1947873799725651E-4
9486747 2.1947873799725651E-4
9494696 3.36076817558299E-4
9502209 2.1947873799725651E-4
9506546 3.36076817558299E-4
9508150 0.0017352537722908085
9514597 2.1947873799725651E-4
9520006 0.004183813443072702
9520072 2.1947873799725651E-4
9520135 3.36076817558299E-4
9521254 2.1947873799725651E-4
9523562 3.36076817558299E-4
9524247 2.1947873799725651E-4
9524800 6.858710562414266E-4
9527138 2.1947873799725651E-4
9529753 2.1947873799725651E-4
9532343 2.1947873799725651E-4
9536099 2.1947873799725651E-4
9536100 2.1947873799725651E-4
9539409 5.69272976680384E-4
9547235 0.0010356652949245538
9547474 3.36076817558299E-4
9549589 2.1947873799725651E-4
9549720 3.36076817558299E-4
9559653 2.1947873799725651E-4
9559926 4.526748971193415E-4
9562306 2.1947873799725651E-4
9562467 6.858710562414266E-4
9562469 2.1947873799725651E-4
9566379 2.1947873799725651E-4
9566384 2.1947873799725651E-4
9568731 2.1947873799725651E-4
9572586 9.190672153635114E-4
9572591 6.858710562414266E-4
9576554 4.526748971193415E-4
9583189 2.1947873799725651E-4
9588907 2.1947873799725651E-4
9592052 2.1947873799725651E-4
9593678 2.1947873799725651E-4
9596412 2.1947873799725651E-4
9597090 3.36076817558299E-4
9598682 2.1947873799725651E-4
9603433 2.1947873799725651E-4
9619150 0.0015020576131687237
9619639 0.0010356652949245538
9620064 2.1947873799725651E-4
9621997 5.69272976680384E-4
9622609 3.36076817558299E-4
9625186 2.1947873799725651E-4
9626772 0.0019684499314128936
9627181 2.1947873799725651E-4
9630508 2.1947873799725651E-4
9631384 3.36076817558299E-4
9633759 3.36076817558299E-4
9635475 2.1947873799725651E-4
9637403 4.526748971193415E-4
9647302 3.36076817558299E-4
9649761 2.1947873799725651E-4
9651008 5.69272976680384E-4
9660395 2.1947873799725651E-4
9665654 3.36076817558299E-4
9667569 2.1947873799725651E-4
9667603 2.1947873799725651E-4
9669695 2.1947873799725651E-4
9672379 2.1947873799725651E-4
9674791 0.0012688614540466389
9674794 0.0012688614540466389
9678311 0.0010356652949245538
9678319 6.858710562414266E-4
9681639 2.1947873799725651E-4
9681640 2.1947873799725651E-4
9689449 2.1947873799725651E-4
9693262 2.1947873799725651E-4
9696068 3.36076817558299E-4
9700208 0.0015020576131687237
9700655 2.1947873799725651E-4
9700658 6.858710562414266E-4
9701675 4.526748971193415E-4
9704150 2.1947873799725651E-4
9708953 2.1947873799725651E-4
9710033 2.1947873799725651E-4
9718052 2.1947873799725651E-4
9718053 5.69272976680384E-4
9728943 0.0018518518518518513
9733229 3.36076817558299E-4
9740113 2.1947873799725651E-4
9740234 2.1947873799725651E-4
9743563 2.1947873799725651E-4
9743578 2.1947873799725651E-4
9751198 4.526748971193415E-4
9756330 0.0016186556927297662
9763475 2.1947873799725651E-4
9767914 2.1947873799725651E-4
9772023 3.36076817558299E-4
9774779 2.1947873799725651E-4
9777946 4.526748971193415E-4
9780089 2.1947873799725651E-4
9781520 2.1947873799725651E-4
9782459 2.1947873799725651E-4
9785148 6.858710562414266E-4
9786245 3.36076817558299E-4
9786612 3.36076817558299E-4
9791536 3.36076817558299E-4
9804121 3.36076817558299E-4
9811931 8.02469135802469E-4
9812182 2.1947873799725651E-4
9822164 4.526748971193415E-4
9823831 4.526748971193415E-4
9826113 2.1947873799725651E-4
9831633 5.69272976680384E-4
9831815 4.526748971193415E-4
9831992 0.0010356652949245538
9831993 8.02469135802469E-4
9831994 8.02469135802469E-4
9831995 5.69272976680384E-4
9836756 2.1947873799725651E-4
9837937 2.1947873799725651E-4
9844031 2.1947873799725651E-4
9848097 2.1947873799725651E-4
9848808 4.526748971193415E-4
9850873 0.0022016460905349786
9852204 2.1947873799725651E-4
9853024 2.1947873799725651E-4
9853706 3.36076817558299E-4
9854388 2.1947873799725651E-4
9855543 2.1947873799725651E-4
9862571 2.1947873799725651E-4
9863603 3.36076817558299E-4
9869645 2.1947873799725651E-4
9875528 3.36076817558299E-4
9876966 4.526748971193415E-4
9876967 2.1947873799725651E-4
9877525 8.02469135802469E-4
9878186 4.526748971193415E-4
9880043 3.36076817558299E-4
9886074 2.1947873799725651E-4
9916507 5.69272976680384E-4
9920359 0.0012688614540466389
9925654 2.1947873799725651E-4
9929677 2.1947873799725651E-4
9929679 2.1947873799725651E-4
9929680 2.1947873799725651E-4
9932417 2.1947873799725651E-4
9990558 5.69272976680384E-4
10025785 2.1947873799725651E-4
10026381 2.1947873799725651E-4
10027417 5.69272976680384E-4
10027548 3.36076817558299E-4
10027549 2.1947873799725651E-4
10027555 3.36076817558299E-4
10030402 3.36076817558299E-4
10050959 4.526748971193415E-4
10066860 2.1947873799725651E-4
10071711 3.36076817558299E-4
10078062 4.526748971193415E-4
10079962 3.36076817558299E-4
10081980 2.1947873799725651E-4
10088051 4.526748971193415E-4
10172880 4.526748971193415E-4
10186439 2.1947873799725651E-4
10190327 0.0013854595336076812
10190820 2.1947873799725651E-4
10192208 2.1947873799725651E-4
10192210 2.1947873799725651E-4
10194255 9.190672153635114E-4
10195399 2.1947873799725651E-4
10197814 2.1947873799725651E-4
10206226 0.0011522633744855963
10208278 2.1947873799725651E-4
10208640 3.36076817558299E-4
10212558 6.858710562414266E-4
10213175 2.1947873799725651E-4
10214736 2.1947873799725651E-4
10219785 2.1947873799725651E-4
10230703 2.1947873799725651E-4
10319883 3.36076817558299E-4
10322238 4.526748971193415E-4
10325447 2.1947873799725651E-4
10329743 9.190672153635114E-4
10336256 2.1947873799725651E-4
10338292 2.1947873799725651E-4
10349334 0.0013854595336076812
10352866 2.1947873799725651E-4
10354518 3.36076817558299E-4
10360679 2.1947873799725651E-4
10364641 4.526748971193415E-4
10364643 3.36076817558299E-4
10366621 3.36076817558299E-4
10369305 3.36076817558299E-4
10369830 5.69272976680384E-4
10369887 2.1947873799725651E-4
10381540 6.858710562414266E-4
10391478 2.1947873799725651E-4
10394937 2.1947873799725651E-4
10399868 2.1947873799725651E-4
10400221 2.1947873799725651E-4
10403716 2.1947873799725651E-4
10411341 3.36076817558299E-4
10411671 8.02469135802469E-4
10412731 2.1947873799725651E-4
10413465 5.69272976680384E-4
10413774 2.1947873799725651E-4
10419818 3.36076817558299E-4
10421878 2.1947873799725651E-4
10422994 2.1947873799725651E-4
10428071 2.1947873799725651E-4
10428074 2.1947873799725651E-4
10430421 2.1947873799725651E-4
10430422 3.36076817558299E-4
10432380 2.1947873799725651E-4
10436115 3.36076817558299E-4
10439444 2.1947873799725651E-4
10448801 0.0011522633744855963
10454160 3.36076817558299E-4
10461029 2.1947873799725651E-4
10462111 0.0013854595336076812
10465706 2.1947873799725651E-4
10474059 2.1947873799725651E-4
10483785 0.002085048010973936
10487842 4.526748971193415E-4
10487843 3.36076817558299E-4
10488446 0.0011522633744855963
10488949 2.1947873799725651E-4
10489042 2.1947873799725651E-4
10490274 3.36076817558299E-4
10494348 3.36076817558299E-4
10500259 2.1947873799725651E-4
10501182 2.1947873799725651E-4
10501193 2.1947873799725651E-4
10501208 3.36076817558299E-4
10502286 2.1947873799725651E-4
10505604 2.1947873799725651E-4
10507547 2.1947873799725651E-4
10525138 2.1947873799725651E-4
10525981 0.002551440329218106
10526094 2.1947873799725651E-4
10528114 0.0010356652949245538
10534164 2.1947873799725651E-4
10534256 2.1947873799725651E-4
10541592 3.36076817558299E-4
10558867 4.526748971193415E-4
10559559 4.526748971193415E-4
10559561 5.69272976680384E-4
10567488 3.36076817558299E-4
10570509 2.1947873799725651E-4
10570512 3.36076817558299E-4
10571241 2.1947873799725651E-4
10582625 2.1947873799725651E-4
10587578 2.1947873799725651E-4
10591674 2.1947873799725651E-4
10592634 2.1947873799725651E-4
10592684 2.1947873799725651E-4
10592690 3.36076817558299E-4
10593300 2.1947873799725651E-4
10593304 3.36076817558299E-4
10599773 4.526748971193415E-4
10599813 2.1947873799725651E-4
10599878 2.1947873799725651E-4
10601411 2.1947873799725651E-4
10609670 9.190672153635114E-4
10611368 9.190672153635114E-4
10619631 2.1947873799725651E-4
10624576 6.858710562414266E-4
10625715 4.526748971193415E-4
10626834 5.69272976680384E-4
10629142 2.1947873799725651E-4
10634455 4.526748971193415E-4
10636159 2.1947873799725651E-4
10637933 2.1947873799725651E-4
10643890 3.36076817558299E-4
10652986 2.1947873799725651E-4
10653281 2.1947873799725651E-4
10656299 3.36076817558299E-4
10668701 2.1947873799725651E-4
10668702 6.858710562414266E-4
10668703 4.526748971193415E-4
10668705 2.1947873799725651E-4
10670439 2.1947873799725651E-4
10671320 3.36076817558299E-4
10671644 5.69272976680384E-4
10681402 2.1947873799725651E-4
10682216 0.0010356652949245538
10685028 2.1947873799725651E-4
10687744 0.0015020576131687237
10694577 9.190672153635114E-4
10699053 9.190672153635114E-4
10712207 8.02469135802469E-4
10718322 2.1947873799725651E-4
10732806 2.1947873799725651E-4
10737120 2.1947873799725651E-4
10737125 2.1947873799725651E-4
10737598 2.1947873799725651E-4
10737615 2.1947873799725651E-4
10737693 2.1947873799725651E-4
10746604 2.1947873799725651E-4
10749663 2.1947873799725651E-4
10765057 0.0010356652949245538
10766403 2.1947873799725651E-4
10766901 4.526748971193415E-4
10766998 2.1947873799725651E-4
10767725 2.1947873799725651E-4
10771168 2.1947873799725651E-4
10775535 2.1947873799725651E-4
10775884 3.36076817558299E-4
10777685 2.1947873799725651E-4
10785619 2.1947873799725651E-4
10794857 2.1947873799725651E-4
10799751 2.1947873799725651E-4
10806314 2.1947873799725651E-4
10811879 2.1947873799725651E-4
10815129 2.1947873799725651E-4
10816430 8.02469135802469E-4
10818140 2.1947873799725651E-4
10818499 2.1947873799725651E-4
10818505 8.02469135802469E-4
10818508 3.36076817558299E-4
10818510 2.1947873799725651E-4
10818513 2.1947873799725651E-4
10818526 2.1947873799725651E-4
10818534 2.1947873799725651E-4
10822352 2.1947873799725651E-4
10822427 2.1947873799725651E-4
10823584 3.36076817558299E-4
10835442 3.36076817558299E-4
10840275 3.36076817558299E-4
10846860 2.1947873799725651E-4
10851367 2.1947873799725651E-4
10852539 6.858710562414266E-4
10855603 2.1947873799725651E-4
10858588 2.1947873799725651E-4
10860300 2.1947873799725651E-4
10861213 2.1947873799725651E-4
10867200 2.1947873799725651E-4
10867209 5.69272976680384E-4
10867214 3.36076817558299E-4
10867779 5.69272976680384E-4
10867785 0.0011522633744855963
10869806 2.1947873799725651E-4
10873585 2.1947873799725651E-4
10880397 4.526748971193415E-4
10886308 3.36076817558299E-4
10891924 2.1947873799725651E-4
10898905 2.1947873799725651E-4
10910416 3.36076817558299E-4
10910426 3.36076817558299E-4
10912224 0.0010356652949245538
10912914 0.0037174211248285315
10912918 4.526748971193415E-4
10918055 3.36076817558299E-4
10920030 3.36076817558299E-4
10936877 3.36076817558299E-4
10936878 2.1947873799725651E-4
10936880 0.002318244170096021
10936881 2.1947873799725651E-4
10936884 4.526748971193415E-4
10939571 6.858710562414266E-4
10940674 0.0011522633744855963
10944562 4.526748971193415E-4
10946021 2.1947873799725651E-4
10947802 2.1947873799725651E-4
10952022 2.1947873799725651E-4
10953177 2.1947873799725651E-4
10959835 2.1947873799725651E-4
10961427 2.1947873799725651E-4
10961667 2.1947873799725651E-4
10970054 2.1947873799725651E-4
10980578 9.190672153635114E-4
10984073 2.1947873799725651E-4
10994644 2.1947873799725651E-4
10998477 2.1947873799725651E-4
10998553 0.0012688614540466389
11005255 3.36076817558299E-4
11007687 2.1947873799725651E-4
11015454 0.0012688614540466389
11016543 5.69272976680384E-4
11032626 3.36076817558299E-4
11035488 2.1947873799725651E-4
11041282 2.1947873799725651E-4
11044587 2.1947873799725651E-4
11045665 3.36076817558299E-4
11058789 2.1947873799725651E-4
11060356 3.36076817558299E-4
11067868 2.1947873799725651E-4
11068149 3.36076817558299E-4
11069947 2.1947873799725651E-4
11070505 5.69272976680384E-4
11071064 5.69272976680384E-4
11072138 2.1947873799725651E-4
11074789 2.1947873799725651E-4
11076057 8.02469135802469E-4
11087768 2.1947873799725651E-4
11087769 2.1947873799725651E-4
11095526 0.0015020576131687237
11099722 2.1947873799725651E-4
11110974 2.1947873799725651E-4
11113217 0.0017352537722908085
11113336 4.526748971193415E-4
11113612 2.1947873799725651E-4
11115331 2.1947873799725651E-4
11120597 3.36076817558299E-4
11122341 6.858710562414266E-4
11122698 2.1947873799725651E-4
11122949 3.36076817558299E-4
11123907 2.1947873799725651E-4
11123940 2.1947873799725651E-4
11125144 3.36076817558299E-4
11125748 3.36076817558299E-4
11129109 2.1947873799725651E-4
11132184 2.1947873799725651E-4
11143490 2.1947873799725651E-4
11145984 8.02469135802469E-4
11157409 3.36076817558299E-4
11161595 2.1947873799725651E-4
11165374 2.1947873799725651E-4
11166730 3.36076817558299E-4
11172628 4.526748971193415E-4
11173875 4.526748971193415E-4
11173876 2.1947873799725651E-4
11173877 0.0013854595336076812
11177205 2.1947873799725651E-4
11193147 2.1947873799725651E-4
11193807 0.0015020576131687237
11193808 2.1947873799725651E-4
11212354 8.02469135802469E-4
11222634 2.1947873799725651E-4
11231028 4.526748971193415E-4
11240021 3.36076817558299E-4
11255440 3.36076817558299E-4
11255448 3.36076817558299E-4
11256794 2.1947873799725651E-4
11257253 2.1947873799725651E-4
11259129 2.1947873799725651E-4
11264988 2.1947873799725651E-4
11273064 5.69272976680384E-4
11273849 2.1947873799725651E-4
11281316 0.0010356652949245538
11285089 0.0010356652949245538
11290387 2.1947873799725651E-4
11293821 2.1947873799725651E-4
11302074 9.190672153635114E-4
11303757 3.36076817558299E-4
11305015 3.36076817558299E-4
11305869 4.526748971193415E-4
11311545 3.36076817558299E-4
11315514 9.190672153635114E-4
11320185 3.36076817558299E-4
11325345 8.02469135802469E-4
11327877 2.1947873799725651E-4
11333435 2.1947873799725651E-4
11336076 2.1947873799725651E-4
11338204 2.1947873799725651E-4
11343827 3.36076817558299E-4
11343837 4.526748971193415E-4
11347179 4.526748971193415E-4
11354629 3.36076817558299E-4
11357958 2.1947873799725651E-4
11358444 3.36076817558299E-4
11360807 2.1947873799725651E-4
11369806 2.1947873799725651E-4
11375142 2.1947873799725651E-4
11376902 2.1947873799725651E-4
11377835 2.1947873799725651E-4
11378241 2.1947873799725651E-4
11378247 3.36076817558299E-4
11378846 2.1947873799725651E-4
11387943 2.1947873799725651E-4
11403971 2.1947873799725651E-4
11405810 2.1947873799725651E-4
11408299 2.1947873799725651E-4
11408727 3.36076817558299E-4
11408789 2.1947873799725651E-4
11409442 2.1947873799725651E-4
11416775 4.526748971193415E-4
11421127 2.1947873799725651E-4
11430905 2.1947873799725651E-4
11435901 2.1947873799725651E-4
11436129 2.1947873799725651E-4
11442298 2.1947873799725651E-4
11443731 2.1947873799725651E-4
11444802 4.526748971193415E-4
11445256 2.1947873799725651E-4
11447827 3.36076817558299E-4
11447828 4.526748971193415E-4
11448080 2.1947873799725651E-4
11454984 2.1947873799725651E-4
11458997 3.36076817558299E-4
11464462 2.1947873799725651E-4
11464464 2.1947873799725651E-4
11470958 4.526748971193415E-4
11476599 4.526748971193415E-4
11482130 4.526748971193415E-4
11483304 2.1947873799725651E-4
11493026 8.02469135802469E-4
11496365 2.1947873799725651E-4
11501342 3.36076817558299E-4
11513353 2.1947873799725651E-4
11516561 2.1947873799725651E-4
11523146 3.36076817558299E-4
11527492 2.1947873799725651E-4
11531831 2.1947873799725651E-4
11535112 6.858710562414266E-4
11553277 0.0010356652949245538
11553788 2.1947873799725651E-4
11556686 3.36076817558299E-4
11558492 2.1947873799725651E-4
11565608 2.1947873799725651E-4
11571321 2.1947873799725651E-4
11574101 2.1947873799725651E-4
11576650 3.36076817558299E-4
11578751 4.526748971193415E-4
11578777 2.1947873799725651E-4
11589913 2.1947873799725651E-4
11589917 2.1947873799725651E-4
11591456 2.1947873799725651E-4
11592113 2.1947873799725651E-4
11596149 5.69272976680384E-4
11598497 2.1947873799725651E-4
11642543 2.1947873799725651E-4
11673590 0.0017352537722908085
11676291 2.1947873799725651E-4
11683989 0.0010356652949245538
11684342 2.1947873799725651E-4
11684351 2.1947873799725651E-4
11684904 3.36076817558299E-4
11698153 2.1947873799725651E-4
11698154 2.1947873799725651E-4
11705626 2.1947873799725651E-4
11706973 2.1947873799725651E-4
11710891 3.36076817558299E-4
11711225 3.36076817558299E-4
11711530 3.36076817558299E-4
11715112 2.1947873799725651E-4
11715411 2.1947873799725651E-4
11716140 3.36076817558299E-4
11721146 3.36076817558299E-4
11722612 2.1947873799725651E-4
11723294 3.36076817558299E-4
11732920 2.1947873799725651E-4
11734357 2.1947873799725651E-4
11738469 2.1947873799725651E-4
11739991 2.1947873799725651E-4
11741391 6.858710562414266E-4
11743999 6.858710562414266E-4
11746653 2.1947873799725651E-4
11755000 2.1947873799725651E-4
11755001 2.1947873799725651E-4
11756600 2.1947873799725651E-4
11769625 2.1947873799725651E-4
11769703 3.36076817558299E-4
11769724 2.1947873799725651E-4
11774719 2.1947873799725651E-4
11775232 0.004533607681755831
11778650 4.526748971193415E-4
11790212 9.190672153635114E-4
11790634 2.1947873799725651E-4
11804704 3.36076817558299E-4
11807900 6.858710562414266E-4
11816786 2.1947873799725651E-4
11816788 4.526748971193415E-4
11816789 2.1947873799725651E-4
11816794 2.1947873799725651E-4
11822882 2.1947873799725651E-4
11825674 2.1947873799725651E-4
11835370 2.1947873799725651E-4
11835377 6.858710562414266E-4
11844476 9.190672153635114E-4
11844869 2.1947873799725651E-4
11848621 6.858710562414266E-4
11849755 2.1947873799725651E-4
11851296 3.36076817558299E-4
11861652 2.1947873799725651E-4
11863377 3.36076817558299E-4
11869551 2.1947873799725651E-4
11882522 2.1947873799725651E-4
11882744 2.1947873799725651E-4
11889238 9.190672153635114E-4
11890488 2.1947873799725651E-4
11893773 2.1947873799725651E-4
11893839 2.1947873799725651E-4
11895043 2.1947873799725651E-4
11898555 2.1947873799725651E-4
11899259 2.1947873799725651E-4
11901276 2.1947873799725651E-4
11904138 2.1947873799725651E-4
11912108 2.1947873799725651E-4
11920850 3.36076817558299E-4
11925775 3.36076817558299E-4
11930162 2.1947873799725651E-4
11934472 2.1947873799725651E-4
11936239 4.526748971193415E-4
11936240 2.1947873799725651E-4
11939894 9.190672153635114E-4
11940689 2.1947873799725651E-4
11940690 3.36076817558299E-4
11940706 2.1947873799725651E-4
11941486 2.1947873799725651E-4
11950276 9.190672153635114E-4
11971084 2.1947873799725651E-4
11986126 2.1947873799725651E-4
11987699 2.1947873799725651E-4
11988340 2.1947873799725651E-4
11992623 2.1947873799725651E-4
12000192 2.1947873799725651E-4
12006218 2.1947873799725651E-4
12011307 5.69272976680384E-4
12015813 3.36076817558299E-4
12023056 2.1947873799725651E-4
12030413 2.1947873799725651E-4
12031891 2.1947873799725651E-4
12037434 2.1947873799725651E-4
12042316 2.1947873799725651E-4
12049183 3.36076817558299E-4
12053131 4.526748971193415E-4
12074828 2.1947873799725651E-4
12076977 2.1947873799725651E-4
12077215 2.1947873799725651E-4
12077730 2.1947873799725651E-4
12095226 2.1947873799725651E-4
12095653 3.36076817558299E-4
12105308 5.69272976680384E-4
12105373 3.36076817558299E-4
12111439 2.1947873799725651E-4
12111863 3.36076817558299E-4
12112161 2.1947873799725651E-4
12115887 2.1947873799725651E-4
12116196 0.0010356652949245538
12117549 5.69272976680384E-4
12123847 2.1947873799725651E-4
12123862 3.36076817558299E-4
12128082 2.1947873799725651E-4
12135350 3.36076817558299E-4
12142731 4.526748971193415E-4
12147333 3.36076817558299E-4
12160362 2.1947873799725651E-4
12161276 2.1947873799725651E-4
12163621 2.1947873799725651E-4
12167762 3.36076817558299E-4
12182886 4.526748971193415E-4
12192621 5.69272976680384E-4
12192623 2.1947873799725651E-4
12205106 2.1947873799725651E-4
12212789 3.36076817558299E-4
12214015 3.36076817558299E-4
12226532 3.36076817558299E-4
12226533 3.36076817558299E-4
12226534 2.1947873799725651E-4
12230301 2.1947873799725651E-4
12230303 2.1947873799725651E-4
12231459 2.1947873799725651E-4
12232782 5.69272976680384E-4
12237848 2.1947873799725651E-4
12355988 0.0026680384087791483
12363410 2.1947873799725651E-4
12365882 2.1947873799725651E-4
12374623 2.1947873799725651E-4
12376533 2.1947873799725651E-4
12379263 0.0010356652949245538
12384263 2.1947873799725651E-4
12391598 2.1947873799725651E-4
12391602 2.1947873799725651E-4
12392766 3.36076817558299E-4
12392781 3.36076817558299E-4
12393935 3.36076817558299E-4
12394840 3.36076817558299E-4
12402229 2.1947873799725651E-4
12405544 2.1947873799725651E-4
12405546 2.1947873799725651E-4
12411758 9.190672153635114E-4
12411763 3.36076817558299E-4
12417379 3.36076817558299E-4
12417380 3.36076817558299E-4
12419536 3.36076817558299E-4
12433260 2.1947873799725651E-4
12433263 0.0015020576131687237
12451108 0.0015020576131687237
12451676 0.0013854595336076812
12453673 2.1947873799725651E-4
12453676 2.1947873799725651E-4
12457072 0.0016186556927297662
12459519 3.36076817558299E-4
12459889 3.36076817558299E-4
12465441 3.36076817558299E-4
12468034 3.36076817558299E-4
12471457 0.0011522633744855963
12480755 4.526748971193415E-4
12486146 0.0039506172839506165
12490529 2.1947873799725651E-4
12495080 2.1947873799725651E-4
12495082 2.1947873799725651E-4
12498968 2.1947873799725651E-4
12507771 2.1947873799725651E-4
12507914 2.1947873799725651E-4
12525890 3.36076817558299E-4
12536572 4.526748971193415E-4
12541014 2.1947873799725651E-4
12548360 2.1947873799725651E-4
12552037 8.02469135802469E-4
12552038 8.02469135802469E-4
12552039 3.36076817558299E-4
12555245 2.1947873799725651E-4
12559837 2.1947873799725651E-4
12573540 2.1947873799725651E-4
12580702 2.1947873799725651E-4
12581338 9.190672153635114E-4
12581343 4.526748971193415E-4
12582468 3.36076817558299E-4
12584430 4.526748971193415E-4
12607822 5.69272976680384E-4
12609489 0.0012688614540466389
12614323 3.36076817558299E-4
12629906 0.0011522633744855963
12634421 2.1947873799725651E-4
12637119 2.1947873799725651E-4
12637699 2.1947873799725651E-4
12642767 2.1947873799725651E-4
12646385 2.1947873799725651E-4
12657430 2.1947873799725651E-4
12657895 4.526748971193415E-4
12658281 3.36076817558299E-4
12668899 3.36076817558299E-4
12670700 2.1947873799725651E-4
12682309 2.1947873799725651E-4
12709467 2.1947873799725651E-4
12722493 2.1947873799725651E-4
12722978 2.1947873799725651E-4
12724118 2.1947873799725651E-4
12761223 2.1947873799725651E-4
12782345 2.1947873799725651E-4
12782758 2.1947873799725651E-4
12784029 2.1947873799725651E-4
12787320 0.004417009602194788
12788204 4.526748971193415E-4
12807963 3.36076817558299E-4
12809979 2.1947873799725651E-4
12810610 2.1947873799725651E-4
12812866 2.1947873799725651E-4
12824768 2.1947873799725651E-4
12826741 2.1947873799725651E-4
12833577 2.1947873799725651E-4
12834112 2.1947873799725651E-4
12849539 2.1947873799725651E-4
12856536 3.36076817558299E-4
12875979 2.1947873799725651E-4
12876259 0.0026680384087791483
12876265 2.1947873799725651E-4
12876550 2.1947873799725651E-4
12882964 2.1947873799725651E-4
12885570 2.1947873799725651E-4
12885574 2.1947873799725651E-4
12890772 2.1947873799725651E-4
12901781 2.1947873799725651E-4
12901842 5.69272976680384E-4
12917433 2.1947873799725651E-4
12944519 4.526748971193415E-4
12947160 2.1947873799725651E-4
12950448 2.1947873799725651E-4
12951193 3.36076817558299E-4
12951205 2.1947873799725651E-4
12957490 3.36076817558299E-4
12957499 2.1947873799725651E-4
12957508 0.0010356652949245538
12962909 0.0011522633744855963
12971913 2.1947873799725651E-4
14501024 4.526748971193415E-4
14507342 3.36076817558299E-4
14511323 2.1947873799725651E-4
14512715 3.36076817558299E-4
14521991 6.858710562414266E-4
14574626 2.1947873799725651E-4
