12031683,1.0
10974650,5.822784810126583E-4
12754739,5.822784810126583E-4
12593846,4.920003259629489E-4
10830573,5.822784810126583E-4
9331100,5.822784810126583E-4
8833657,4.913908326126269E-4
9892013,5.105913912565133E-4
10850457,5.822784810126583E-4
10726973,5.822784810126583E-4
11262195,4.913908326126269E-4
12525256,4.913908326126269E-4
7959284,5.822784810126583E-4
10777488,5.093171076221004E-4
11001824,5.822784810126583E-4
9633824,5.822784810126583E-4
7664648,4.919803062082924E-4
10816436,4.938207977580254E-4
11494131,5.822784810126583E-4
8883970,4.944810126582279E-4
9342439,1.0
11559546,8.114543084571192E-4
12571082,4.914122849064233E-4
7523316,5.822784810126583E-4
8796841,5.822784810126583E-4
12937141,5.093171076221004E-4
10092114,5.822784810126583E-4
9545345,5.628603957125839E-4
10676665,4.925296075043553E-4
12767520,6.898734177215191E-4
10368301,5.822784810126583E-4
11398888,5.822784810126583E-4
9469330,5.822784810126583E-4
10690548,4.920003259629489E-4
11416032,4.914122849064233E-4
12888657,4.920217824301696E-4
10383152,6.898734177215191E-4
12750288,5.822784810126583E-4
10734317,5.822784810126583E-4
14534541,6.898734177215191E-4
10438568,1.0
11498020,4.981392405063292E-4
8595162,1.0
7509629,5.822784810126583E-4
12168088,4.913908326126269E-4
9331099,5.822784810126583E-4
8873895,4.944810126582279E-4
10940495,5.822784810126583E-4
8616829,5.822784810126583E-4
9821177,5.822784810126583E-4
11453542,1.0
11145572,5.822784810126583E-4
10985759,1.0
9850076,1.0
8607861,4.913908326126269E-4
8188767,5.080981209214562E-4
11870540,5.822784810126583E-4
7665217,5.822784810126583E-4
11313980,4.913908326126269E-4
11102895,5.427710134773473E-4
9322955,4.913908326126269E-4
11828267,1.0
9056422,5.607817908042626E-4
12897145,5.822784810126583E-4
8069850,4.914295509589456E-4
11752009,5.822784810126583E-4
12890810,1.0
11879554,5.822784810126583E-4
12545153,5.822784810126583E-4
7527408,5.822784810126583E-4
12581018,4.913908326126269E-4
9205064,5.927849800514251E-4
12941837,1.0
8174129,4.914108747148795E-4
11023522,5.822784810126583E-4
12641820,1.0
9076342,5.822784810126583E-4
12539223,5.822784810126583E-4
8205537,4.913908326126269E-4
12138094,6.132845553161483E-4
9506989,5.822784810126583E-4
11884618,4.932014664249276E-4
12195157,5.822784810126583E-4
7497000,5.822784810126583E-4
12543777,1.0
10229198,5.110890737993657E-4
9312016,5.822784810126583E-4
11507082,1.0
9704714,5.822784810126583E-4
7959292,5.822784810126583E-4
10507775,5.822784810126583E-4
8646598,6.898734177215191E-4
10720440,4.944810126582279E-4
11020056,5.822784810126583E-4
10847581,5.822784810126583E-4
11150434,5.822784810126583E-4
11546773,5.822784810126583E-4
12193537,1.0
11781836,5.822784810126583E-4
10077005,4.981392405063292E-4
10232609,4.913908326126269E-4
10846175,5.822784810126583E-4
9648831,4.913908326126269E-4
9452421,5.822784810126583E-4
9492043,5.822784810126583E-4
11334418,5.822784810126583E-4
8828463,5.822784810126583E-4
10917054,5.822784810126583E-4
12592384,5.090572411335424E-4
9159164,4.919989151852207E-4
12150454,5.822784810126583E-4
12839944,5.822784810126583E-4
8626706,1.0
12876069,5.822784810126583E-4
9130892,5.822784810126583E-4
14559833,5.080981209214562E-4
10674396,5.623110264645179E-4
11223541,4.944810126582279E-4
9766646,4.913908326126269E-4
11205897,4.913908326126269E-4
7788852,5.822784810126583E-4
12917202,5.822784810126583E-4
10642432,4.914108747148795E-4
12414625,1.0
7627387,5.822784810126583E-4
9553667,5.822784810126583E-4
9408753,4.944810126582279E-4
12438247,5.087282913086728E-4
11704861,5.087076366193744E-4
10830316,5.822784810126583E-4
7593132,6.898734177215191E-4
12466336,5.822784810126583E-4
10950308,1.0
9842972,6.898734177215191E-4
14528284,5.822784810126583E-4
8286193,1.0
11135668,5.822784810126583E-4
11228049,4.923499528247132E-4
11145562,5.0870620349405E-4
11267857,5.822784810126583E-4
11594774,4.920418942585417E-4
9729323,5.822784810126583E-4
11500939,5.105397045512996E-4
9516080,5.093357821703904E-4
11716549,5.822784810126583E-4
9622092,5.822784810126583E-4
10435587,1.0
9671232,5.822784810126583E-4
10791772,5.104551753558206E-4
8692980,5.092756141595033E-4
12068000,5.080981209214562E-4
9413957,5.822784810126583E-4
11384880,4.938021192035911E-4
11872675,4.94838233625546E-4
11940579,5.822784810126583E-4
11713209,5.822784810126583E-4
12566306,5.363075389239944E-4
9515800,1.0
11896447,5.092756141595033E-4
8145772,1.0
7525978,5.822784810126583E-4
10611187,5.822784810126583E-4
11274216,4.920418942585417E-4
10430101,4.913908326126269E-4
8923458,5.822784810126583E-4
12746329,1.0
11577168,1.0
10619489,5.822784810126583E-4
9150190,5.822784810126583E-4
12372686,5.822784810126583E-4
11005099,1.0
7791758,4.944810126582279E-4
11337496,5.822784810126583E-4
10931447,4.920003259629489E-4
11212254,4.913908326126269E-4
12556535,5.822784810126583E-4
11591350,5.822784810126583E-4
11149601,5.096252889360427E-4
12473575,5.822784810126583E-4
7743492,1.0
14583467,4.913908326126269E-4
9831246,5.822784810126583E-4
12188907,1.0
10545285,5.822784810126583E-4
9640416,5.822784810126583E-4
9539310,6.898734177215191E-4
12867429,5.822784810126583E-4
11988840,1.0
11260861,5.822784810126583E-4
9333017,4.913908326126269E-4
11309283,4.913908326126269E-4
9065466,4.914728163567197E-4
9815941,5.111284939866899E-4
12149650,4.913908326126269E-4
8603569,5.822784810126583E-4
12417786,5.822784810126583E-4
7977648,5.822784810126583E-4
11774034,4.944810126582279E-4
11778548,5.822784810126583E-4
11457860,5.822784810126583E-4
9387030,5.822784810126583E-4
7624149,1.0
11923875,5.822784810126583E-4
12960057,5.822784810126583E-4
9048593,5.822784810126583E-4
9342440,5.822784810126583E-4
11291931,4.913908326126269E-4
12855680,5.822784810126583E-4
7585609,4.944810126582279E-4
11489838,4.981392405063292E-4
12105987,1.0
12543789,5.199393993122552E-4
11694888,1.0
8989772,5.822784810126583E-4
12401798,4.920003259629489E-4
10967123,5.822784810126583E-4
11041233,5.822784810126583E-4
10459850,1.0
11788654,5.261060992481774E-4
14522909,4.914122849064233E-4
12530085,5.822784810126583E-4
12482909,5.822784810126583E-4
10766344,5.248842117811096E-4
8626686,4.981392405063292E-4
12547158,4.944810126582279E-4
12149131,4.913908326126269E-4
12533667,4.920003259629489E-4
10849571,5.822784810126583E-4
8625368,4.919989151852207E-4
12489029,4.913908326126269E-4
9815544,1.0
10207053,5.446447682685303E-4
9413807,5.822784810126583E-4
9394418,1.0
11368881,5.822784810126583E-4
10669726,1.0
11278392,5.822784810126583E-4
12121883,4.914122849064233E-4
11161964,5.822784810126583E-4
12112314,5.822784810126583E-4
7589243,5.822784810126583E-4
10702400,4.944810126582279E-4
10484052,5.822784810126583E-4
11163495,5.822784810126583E-4
11081412,5.822784810126583E-4
10699960,4.981392405063292E-4
10757056,5.822784810126583E-4
8616830,5.822784810126583E-4
10569999,5.822784810126583E-4
8710868,5.822784810126583E-4
12746434,4.920003259629489E-4
11376121,5.266554684962433E-4
10720068,1.0
11950959,5.433183154520084E-4
12910533,5.822784810126583E-4
9231155,5.822784810126583E-4
11885994,1.0
11479214,5.469381844070177E-4
9311601,5.111284939866899E-4
10401676,4.913908326126269E-4
12750239,5.822784810126583E-4
10602507,5.822784810126583E-4
12374697,5.093171076221004E-4
9852124,5.313538558753213E-4
11689295,5.822784810126583E-4
9699666,4.919803062082924E-4
12473592,5.822784810126583E-4
9357999,5.822784810126583E-4
8909524,4.920003259629489E-4
10919668,1.0
12379772,5.093171076221004E-4
9815813,4.913908326126269E-4
8806109,5.822784810126583E-4
7529049,4.944810126582279E-4
11287353,5.822784810126583E-4
8732665,4.944810126582279E-4
12447687,5.09948180187414E-4
12876289,4.913908326126269E-4
14520693,4.913908326126269E-4
12444079,4.944810126582279E-4
10319328,5.104932347241252E-4
10234899,5.822784810126583E-4
11071655,5.822784810126583E-4
12360481,4.913908326126269E-4
10207105,4.94838233625546E-4
8674059,5.080981209214562E-4
10026153,1.0
7758167,5.087262455963026E-4
11342260,5.822784810126583E-4
10766352,5.822784810126583E-4
9679929,5.822784810126583E-4
9205049,5.822784810126583E-4
9883987,4.981392405063292E-4
8665514,1.0
9202243,5.822784810126583E-4
11859875,5.822784810126583E-4
10851068,4.913908326126269E-4
8609661,6.898734177215191E-4
8175666,4.944810126582279E-4
9591538,5.822784810126583E-4
9488037,5.822784810126583E-4
12538620,5.822784810126583E-4
9832424,5.105280860668547E-4
11245436,5.196002506151651E-4
10499513,5.105913912565133E-4
7529048,5.822784810126583E-4
8675593,5.822784810126583E-4
8620490,7.974683544303799E-4
11124964,5.822784810126583E-4
11278691,4.913908326126269E-4
12019176,4.913908326126269E-4
10427145,1.0
9166674,5.822784810126583E-4
11376126,1.0
12503617,4.938021192035911E-4
12776186,5.406621364365039E-4
