9342440,0.0020174050632911396
9205064,1.2085785001942565E31
11309283,0.013430350617089979
12121883,3.332125601924722E26
12503617,5.370658776919094E30
12897145,0.0020174050632911396
9545345,1.3157875141791473E31
9205049,0.0020174050632911396
10940495,0.0020174050632911396
9648831,0.013430350617089979
12917202,0.0020174050632911396
8796841,0.0020174050632911396
12193537,0.002373417721518988
12489029,0.029252298464763894
10438568,0.002373417721518988
9729323,0.0020174050632911396
11507082,0.002373417721518988
8833657,0.015803768338608967
9469330,0.0020174050632911396
12890810,0.002373417721518988
9408753,0.003732199367088608
11005099,0.002373417721518988
10950308,0.002373417721518988
12188907,0.002373417721518988
11479214,1.2269207365283048E22
9892013,7.562796984727611E30
7525978,0.0020174050632911396
10830316,0.0020174050632911396
12910533,0.0020174050632911396
10919668,0.002373417721518988
12482909,0.0020174050632911396
10383152,0.004034810126582279
11885994,0.002373417721518988
12543789,1.208578498354429E31
11489838,0.0054469936708860765
10849571,0.0020174050632911396
10401676,0.028163834184700164
7529048,0.004390822784810127
12447687,1.7669514463749471E27
10766352,0.0020174050632911396
10077005,0.0054469936708860765
12538620,0.0020174050632911396
12533667,1.0297758265162084E21
10846175,0.0020174050632911396
9076342,0.0020174050632911396
11161964,0.0020174050632911396
11716549,0.0020174050632911396
9852124,1.0303767184717714E31
9622092,0.0020174050632911396
11001824,0.0020174050632911396
12581018,0.013430350617089979
14583467,0.024861475679953768
12372686,0.0020174050632911396
11337496,0.0020174050632911396
11879554,0.0020174050632911396
10459850,0.002373417721518988
11023522,0.0020174050632911396
7589243,0.0020174050632911396
9640416,0.0020174050632911396
10484052,0.0020174050632911396
10430101,0.03034166642727199
11071655,0.0020174050632911396
9056422,1.2267366332812245E22
7758167,1.82735439351011533E18
14559833,0.05174631245338975
8205537,0.02595084364246186
12539223,0.0020174050632911396
11163495,0.0020174050632911396
11124964,0.0020174050632911396
12374697,2.0595516530324168E21
8616829,0.0020174050632911396
10702400,0.003732199367088608
10435587,0.002373417721518988
11205897,0.013430350617089979
11376126,0.002373417721518988
9048593,0.0020174050632911396
8806109,0.0020174050632911396
7529049,0.003732199367088608
12750288,0.0020174050632911396
12750239,0.0020174050632911396
10967123,0.0020174050632911396
9488037,0.0020174050632911396
12941837,0.002373417721518988
11149601,3.9732878103530637E30
12138094,5.068530424344956E27
10726973,0.0020174050632911396
9704714,0.0020174050632911396
8873895,0.003732199367088608
10791772,4.4742362799899064E18
11896447,1.88041692523405875E18
11245436,9.734287519902026E30
11988840,0.002373417721518988
7791758,0.003732199367088608
11102895,4.4742362799899064E18
12112314,0.0020174050632911396
12466336,0.0020174050632911396
8620490,0.006052215189873419
9633824,0.0020174050632911396
10734317,0.0020174050632911396
12545153,0.0020174050632911396
11313980,0.013430350617089979
12401798,1.0297758265162084E21
11274216,9.996376805774164E26
10676665,1.22735498053594573E18
10234899,0.0020174050632911396
10830573,0.0020174050632911396
9322955,0.01544775568038112
9312016,0.0020174050632911396
14520693,0.015803768338608967
14534541,0.006408227848101267
9699666,1.55388595288500224E18
10674396,1.3157875141791476E31
7497000,0.0020174050632911396
12543777,0.002373417721518988
8609661,0.004034810126582279
8188767,0.02888381123892638
12566306,9.734287519902026E30
11689295,0.0020174050632911396
10507775,0.0020174050632911396
9202243,0.0020174050632911396
8732665,0.005749604430379748
7977648,0.0020174050632911396
8710868,0.004390822784810127
12473592,0.0020174050632911396
12068000,0.04972890739009862
8625368,1.00054894744070592E18
7959284,0.0020174050632911396
11228049,3.9732878103530637E30
12960057,0.0020174050632911396
12876289,0.013430350617089979
11291931,0.013430350617089979
8626706,0.002373417721518988
10757056,0.0020174050632911396
11940579,0.0020174050632911396
11577168,0.002373417721518988
10427145,0.002373417721518988
10847581,0.0020174050632911396
12746434,1.0297758265162084E21
9539310,0.004034810126582279
12937141,2.0595516530324168E21
10766344,2.3066728368369316E18
12168088,0.013430350617089979
12417786,0.0020174050632911396
10319328,4.761382797908823E18
8174129,8.2680544606940941E17
9506989,0.0020174050632911396
9553667,0.0020174050632911396
11752009,0.0020174050632911396
10642432,8.2680544606940941E17
11334418,0.0020174050632911396
11694888,0.002373417721518988
12767520,0.006408227848101267
9150190,0.0020174050632911396
11267857,0.0020174050632911396
11416032,3.332125601924722E26
10602507,0.0020174050632911396
9231155,0.0020174050632911396
8989772,0.0020174050632911396
11704861,2.3806913989544115E18
9387030,0.0020174050632911396
11457860,0.0020174050632911396
11781836,0.0020174050632911396
11859875,0.0020174050632911396
11145562,1.00054894744070592E18
12444079,0.005749604430379748
11923875,0.0020174050632911396
11212254,0.015803768338608967
11135668,0.0020174050632911396
12641820,0.002373417721518988
10699960,0.0054469936708860765
12855680,0.0020174050632911396
10229198,2.301941297392592E27
11081412,0.0020174050632911396
8646598,0.004034810126582279
10026153,0.002373417721518988
9333017,0.013430350617089979
12530085,0.0020174050632911396
7509629,0.0020174050632911396
11278392,0.0020174050632911396
9850076,0.002373417721518988
9821177,0.0020174050632911396
7527408,0.0020174050632911396
12776186,1.7018893385211465E31
9832424,5.370658776919094E30
11546773,0.0020174050632911396
11788654,1.7669514463749471E27
10985759,0.002373417721518988
9331099,0.0020174050632911396
10207105,4.933108401667175E30
12473575,0.0020174050632911396
12031683,0.002373417721518988
9515800,0.002373417721518988
8909524,1.0297758265162084E21
7665217,0.0020174050632911396
12593846,1.0297758265162084E21
11384880,5.370658776919094E30
8626686,0.0054469936708860765
9842972,0.004034810126582279
10851068,0.015803768338608967
9815813,0.013430350617089979
8607861,0.015803768338608967
8923458,0.0020174050632911396
10207053,3.533902892749895E27
14522909,3.332125601924722E26
11870540,0.0020174050632911396
9065466,2.1921382078085183E30
9311601,1.2264445982485139E22
12019176,0.015803768338608967
12746329,0.002373417721518988
8069850,6.5306194469811302E17
12888657,7.673137657975306E26
12414625,0.002373417721518988
10917054,0.0020174050632911396
12525256,0.013430350617089979
12839944,0.0020174050632911396
11828267,0.002373417721518988
8175666,0.003732199367088608
10368301,0.0020174050632911396
12876069,0.0020174050632911396
9159164,1.00054894744070592E18
11778548,0.0020174050632911396
10499513,7.562796984727611E30
10974650,0.0020174050632911396
12547158,0.003732199367088608
11342260,0.0020174050632911396
9766646,0.015803768338608967
7664648,1.55388595288500224E18
12571082,3.332125601924722E26
9331100,0.0020174050632911396
9413807,0.004390822784810127
12379772,2.0595516530324168E21
11774034,0.003732199367088608
7624149,0.002373417721518988
11262195,0.013430350617089979
10850457,0.0020174050632911396
12195157,0.0020174050632911396
10720440,0.003732199367088608
10690548,1.0297758265162084E21
11591350,0.0020174050632911396
9831246,0.0020174050632911396
11145572,0.0020174050632911396
11020056,0.0020174050632911396
8145772,0.002373417721518988
11453542,0.002373417721518988
9166674,0.0020174050632911396
12556535,0.0020174050632911396
9815544,0.002373417721518988
11260861,0.0020174050632911396
10931447,1.0297758265162084E21
9130892,0.0020174050632911396
10545285,0.0020174050632911396
11498020,0.0054469936708860765
7627387,0.0020174050632911396
8828463,0.0020174050632911396
9492043,0.0020174050632911396
8603569,0.0020174050632911396
10232609,0.01917995504746973
11559546,1.9875000642180362E31
9883987,0.0054469936708860765
11150434,0.0020174050632911396
10816436,5.370658776919094E30
10777488,2.0595516530324168E21
8692980,1.88041692523405875E18
9516080,3.9345773518394138E18
11950959,3.7077713187441741E18
10720068,0.002373417721518988
10619489,0.0020174050632911396
11713209,0.0020174050632911396
11278691,0.01544775568038112
12105987,0.002373417721518988
8674059,0.05174631245338975
14528284,0.0020174050632911396
8665514,0.002373417721518988
8286193,0.002373417721518988
11494131,0.0020174050632911396
8883970,0.003732199367088608
12149131,0.013430350617089979
11287353,0.0020174050632911396
10611187,0.0020174050632911396
7523316,0.0020174050632911396
12867429,0.0020174050632911396
12438247,2.9203503271049047E18
9394418,0.002373417721518988
9357999,0.0020174050632911396
12754739,0.0020174050632911396
9679929,0.0020174050632911396
9342439,0.002373417721518988
12150454,0.0020174050632911396
11223541,0.007767009493670886
9591538,0.0020174050632911396
9452421,0.0020174050632911396
8595162,0.002373417721518988
7788852,0.0020174050632911396
7593132,0.004034810126582279
11594774,9.996376805774164E26
8675593,0.0020174050632911396
9815941,1.2264445982485139E22
7585609,0.003732199367088608
11500939,2.301941297392592E27
10569999,0.0020174050632911396
12149650,0.013430350617089979
10092114,0.0020174050632911396
11041233,0.0020174050632911396
9413957,0.0020174050632911396
11376121,1.7669514463749471E27
12592384,3.9732878103530637E30
8616830,0.0020174050632911396
7959292,0.0020174050632911396
10669726,0.002373417721518988
11884618,1.5346275315950615E27
12360481,0.029252298464763894
7743492,0.002373417721518988
11368881,0.0020174050632911396
11398888,0.0020174050632911396
9671232,0.0020174050632911396
11872675,4.933108401667175E30
