7497000 0.0010126582278481013
7509629 0.0010126582278481013
7523316 0.0010126582278481013
7525978 0.0010126582278481013
7527408 0.0010126582278481013
7529048 0.0010126582278481013
7529049 0.0010126582278481013
7585609 0.0010126582278481013
7589243 0.0010126582278481013
7593132 0.0015506329113924053
7627387 0.0010126582278481013
7664648 0.0010126582278481013
7665217 0.0010126582278481013
7758167 0.0015506329113924053
7788852 0.0010126582278481013
7791758 0.0010126582278481013
7959284 0.0010126582278481013
7959292 0.0010126582278481013
7977648 0.0010126582278481013
8069850 0.0010126582278481013
8174129 0.0010126582278481013
8175666 0.0010126582278481013
8188767 0.002088607594936709
8205537 0.0015506329113924053
8603569 0.0010126582278481013
8607861 0.0010126582278481013
8609661 0.0015506329113924053
8616829 0.0010126582278481013
8616830 0.0010126582278481013
8620490 0.002088607594936709
8625368 0.0010126582278481013
8626686 0.0010126582278481013
8646598 0.0015506329113924053
8674059 0.002088607594936709
8675593 0.0010126582278481013
8692980 0.002088607594936709
8710868 0.0010126582278481013
8732665 0.0015506329113924053
8796841 0.0010126582278481013
8806109 0.0010126582278481013
8828463 0.0010126582278481013
8833657 0.0010126582278481013
8873895 0.0010126582278481013
8883970 0.0010126582278481013
8909524 0.0010126582278481013
8923458 0.0010126582278481013
8989772 0.0010126582278481013
9048593 0.0010126582278481013
9056422 0.0031645569620253164
9065466 0.0010126582278481013
9076342 0.0010126582278481013
9130892 0.0010126582278481013
9150190 0.0010126582278481013
9159164 0.0010126582278481013
9166674 0.0010126582278481013
9202243 0.0010126582278481013
9205049 0.0010126582278481013
9205064 0.004778481012658228
9231155 0.0010126582278481013
9311601 0.0015506329113924053
9312016 0.0010126582278481013
9322955 0.0015506329113924053
9331099 0.0010126582278481013
9331100 0.0010126582278481013
9333017 0.0010126582278481013
9342440 0.0010126582278481013
9357999 0.0010126582278481013
9387030 0.0010126582278481013
9408753 0.0010126582278481013
9413807 0.0010126582278481013
9413957 0.0010126582278481013
9452421 0.0010126582278481013
9469330 0.0010126582278481013
9488037 0.0010126582278481013
9492043 0.0010126582278481013
9506989 0.0010126582278481013
9516080 0.0015506329113924053
9539310 0.0015506329113924053
9545345 0.004778481012658228
9553667 0.0010126582278481013
9591538 0.0010126582278481013
9622092 0.0010126582278481013
9633824 0.0010126582278481013
9640416 0.0010126582278481013
9648831 0.0010126582278481013
9671232 0.0010126582278481013
9679929 0.0010126582278481013
9699666 0.0010126582278481013
9704714 0.0010126582278481013
9729323 0.0010126582278481013
9766646 0.0010126582278481013
9815813 0.0010126582278481013
9815941 0.002088607594936709
9821177 0.0010126582278481013
9831246 0.0010126582278481013
9832424 0.0015506329113924053
9842972 0.0015506329113924053
9852124 0.0026265822784810127
9883987 0.0010126582278481013
9892013 0.0015506329113924053
10077005 0.0010126582278481013
10092114 0.0010126582278481013
10207053 0.0026265822784810127
10207105 0.0010126582278481013
10229198 0.0015506329113924053
10232609 0.002088607594936709
10234899 0.0010126582278481013
10319328 0.002088607594936709
10368301 0.0010126582278481013
10383152 0.0015506329113924053
10401676 0.0010126582278481013
10430101 0.002088607594936709
10484052 0.0010126582278481013
10499513 0.0015506329113924053
10507775 0.0010126582278481013
10545285 0.0010126582278481013
10569999 0.0010126582278481013
10602507 0.0010126582278481013
10611187 0.0010126582278481013
10619489 0.0010126582278481013
10642432 0.0010126582278481013
10674396 0.00370253164556962
10676665 0.0010126582278481013
10690548 0.0010126582278481013
10699960 0.0010126582278481013
10702400 0.0010126582278481013
10720440 0.0010126582278481013
10726973 0.0010126582278481013
10734317 0.0010126582278481013
10757056 0.0010126582278481013
10766344 0.0031645569620253164
10766352 0.0010126582278481013
10777488 0.0015506329113924053
10791772 0.0015506329113924053
10816436 0.0010126582278481013
10830316 0.0010126582278481013
10830573 0.0010126582278481013
10846175 0.0010126582278481013
10847581 0.0010126582278481013
10849571 0.0010126582278481013
10850457 0.0010126582278481013
10851068 0.0010126582278481013
10917054 0.0010126582278481013
10931447 0.0010126582278481013
10940495 0.0010126582278481013
10967123 0.0010126582278481013
10974650 0.0010126582278481013
11001824 0.0010126582278481013
11020056 0.0010126582278481013
11023522 0.0010126582278481013
11041233 0.0010126582278481013
11071655 0.0010126582278481013
11081412 0.0010126582278481013
11102895 0.0031645569620253164
11124964 0.0010126582278481013
11135668 0.0010126582278481013
11145562 0.002088607594936709
11145572 0.0010126582278481013
11149601 0.0015506329113924053
11150434 0.0010126582278481013
11161964 0.0010126582278481013
11163495 0.0010126582278481013
11205897 0.0010126582278481013
11212254 0.0010126582278481013
11223541 0.002088607594936709
11228049 0.0010126582278481013
11245436 0.0015506329113924053
11260861 0.0010126582278481013
11262195 0.0010126582278481013
11267857 0.0010126582278481013
11274216 0.0010126582278481013
11278392 0.0010126582278481013
11278691 0.0015506329113924053
11287353 0.0010126582278481013
11291931 0.0010126582278481013
11309283 0.0010126582278481013
11313980 0.0010126582278481013
11334418 0.0010126582278481013
11337496 0.0010126582278481013
11342260 0.0010126582278481013
11368881 0.0010126582278481013
11376121 0.002088607594936709
11384880 0.0010126582278481013
11398888 0.0010126582278481013
11416032 0.0015506329113924053
11457860 0.0010126582278481013
11479214 0.0031645569620253164
11489838 0.0010126582278481013
11494131 0.0010126582278481013
11498020 0.0010126582278481013
11500939 0.0015506329113924053
11546773 0.0010126582278481013
11559546 0.01338607594936709
11591350 0.0010126582278481013
11594774 0.0010126582278481013
11689295 0.0010126582278481013
11704861 0.0026265822784810127
11713209 0.0010126582278481013
11716549 0.0010126582278481013
11752009 0.0010126582278481013
11774034 0.0010126582278481013
11778548 0.0010126582278481013
11781836 0.0010126582278481013
11788654 0.002088607594936709
11859875 0.0010126582278481013
11870540 0.0010126582278481013
11872675 0.0015506329113924053
11879554 0.0010126582278481013
11884618 0.0015506329113924053
11896447 0.0015506329113924053
11923875 0.0010126582278481013
11940579 0.0010126582278481013
11950959 0.0031645569620253164
12019176 0.0010126582278481013
12068000 0.0015506329113924053
12112314 0.0010126582278481013
12121883 0.0010126582278481013
12138094 0.005316455696202532
12149131 0.0010126582278481013
12149650 0.0010126582278481013
12150454 0.0010126582278481013
12168088 0.0010126582278481013
12195157 0.0010126582278481013
12360481 0.0015506329113924053
12372686 0.0010126582278481013
12374697 0.002088607594936709
12379772 0.002088607594936709
12401798 0.0010126582278481013
12417786 0.0010126582278481013
12438247 0.0015506329113924053
12444079 0.0015506329113924053
12447687 0.002088607594936709
12466336 0.0010126582278481013
12473575 0.0010126582278481013
12473592 0.0010126582278481013
12482909 0.0010126582278481013
12489029 0.0015506329113924053
12503617 0.0010126582278481013
12525256 0.0010126582278481013
12530085 0.0010126582278481013
12533667 0.0010126582278481013
12538620 0.0010126582278481013
12539223 0.0010126582278481013
12543789 0.0015506329113924053
12545153 0.0010126582278481013
12547158 0.0010126582278481013
12556535 0.0010126582278481013
12566306 0.0026265822784810127
12571082 0.0010126582278481013
12581018 0.0010126582278481013
12592384 0.0015506329113924053
12593846 0.0010126582278481013
12746434 0.0010126582278481013
12750239 0.0010126582278481013
12750288 0.0010126582278481013
12754739 0.0010126582278481013
12767520 0.0015506329113924053
12776186 0.0026265822784810127
12839944 0.0010126582278481013
12855680 0.0010126582278481013
12867429 0.0010126582278481013
12876069 0.0010126582278481013
12876289 0.0010126582278481013
12888657 0.0010126582278481013
12897145 0.0010126582278481013
12910533 0.0010126582278481013
12917202 0.0010126582278481013
12937141 0.0026265822784810127
12960057 0.0010126582278481013
14520693 0.0010126582278481013
14522909 0.0010126582278481013
14528284 0.0010126582278481013
14534541 0.0015506329113924053
14559833 0.002088607594936709
14583467 0.0010126582278481013
