7491757 0.0070967741935483875
7494284 0.0052688172043010755
7523700 0.0034408602150537634
7561785 0.0034408602150537634
7595373 0.0034408602150537634
7666533 0.0034408602150537634
7831768 0.0034408602150537634
7933109 0.0070967741935483875
8139029 0.0034408602150537634
8178438 0.0034408602150537634
8200503 0.0034408602150537634
8289365 0.008924731182795699
8551571 0.0034408602150537634
8553535 0.014408602150537637
8601783 0.0034408602150537634
8615005 0.0052688172043010755
8709207 0.03451612903225807
8764516 0.0034408602150537634
8806551 0.0034408602150537634
8825715 0.0034408602150537634
8957670 0.0034408602150537634
8973339 0.0034408602150537634
9018146 0.0052688172043010755
9032384 0.0034408602150537634
9060652 0.0034408602150537634
9060658 0.0034408602150537634
9234794 0.0034408602150537634
9261437 0.0034408602150537634
9298727 0.0034408602150537634
9311816 0.0034408602150537634
9343214 0.0034408602150537634
9372953 0.0034408602150537634
9420209 0.012580645161290325
9465097 0.0052688172043010755
9469843 0.0034408602150537634
9557678 0.0034408602150537634
9568045 0.0052688172043010755
9650960 0.019892473118279574
9784363 0.0052688172043010755
9811779 0.0034408602150537634
10233949 0.0034408602150537634
10362134 0.0034408602150537634
10364381 0.0052688172043010755
10364505 0.0034408602150537634
10559364 0.0034408602150537634
10573627 0.0034408602150537634
10873782 0.008924731182795699
10918034 0.0034408602150537634
10971133 0.0034408602150537634
11040122 0.0034408602150537634
11044077 0.019892473118279574
11145916 0.0070967741935483875
11158207 0.0070967741935483875
11160736 0.019892473118279574
11163673 0.0070967741935483875
11243812 0.0034408602150537634
11287582 0.01623655913978495
11289806 0.0034408602150537634
11499923 0.0052688172043010755
11581419 0.0034408602150537634
11602792 0.0034408602150537634
11682199 0.0034408602150537634
11878901 0.0052688172043010755
11883199 0.0052688172043010755
11886254 0.0070967741935483875
12033769 0.0034408602150537634
12033775 0.0034408602150537634
12050360 0.0034408602150537634
12208977 0.0034408602150537634
12518224 0.012580645161290325
12560332 0.008924731182795699
12566713 0.0052688172043010755
12584306 0.0034408602150537634
12610128 0.01623655913978495
12663770 0.0034408602150537634
12663788 0.010752688172043012
12706096 0.0034408602150537634
12857908 0.012580645161290325
12890615 0.0034408602150537634
14517069 0.0034408602150537634
