12857908,2.942717762552607E7
8601783,0.00685483870967742
11602792,7585886.432898354
12566713,0.09484762066188768
7561785,0.051456068395459964
8764516,0.043391552266427706
11499923,3779019.37055133
12482659,0.00806451612903226
8615005,0.01370967741935484
10364381,1.136563209286325E7
11886254,4.631109598757317E7
9557678,1700968.6261200018
8553535,8.07239977846573E7
7778283,0.00806451612903226
11158207,0.1667113703560334
9018146,2.073096748686413E7
9811779,3779019.3636964913
11044077,5.3143351420306906E7
12663788,2.376164088822754E7
8289365,9906002.925102858
12033775,3779019.3717610077
8957669,0.00806451612903226
11289806,0.00685483870967742
11878901,1.9520448294544667E7
12208977,0.05145606839545994
10364505,3779019.3717610077
12610128,8.040002633399723E7
7494284,0.01370967741935484
11160736,4.407652662472144E7
11121865,0.00806451612903226
12663770,0.07992826582317797
10971133,0.00685483870967742
9650960,8.568592971167684E7
9060652,0.00685483870967742
11883199,0.15985653164635594
12533712,0.00806451612903226
11145916,0.09363794324253283
8525612,0.00806451612903226
10362134,0.07992826582317797
11243812,6126983.539632173
14517069,0.0433915522664277
12584306,0.00685483870967742
8200503,0.043391552266427706
8178438,0.05145606839545994
12890615,0.00685483870967742
10573627,0.00685483870967742
10918034,0.00685483870967742
10873782,5726309.304305075
8806551,0.00685483870967742
11682199,0.00685483870967742
10712890,0.00806451612903226
8973339,0.00685483870967742
12033769,0.0433915522664277
10559364,6596955.912007602
8551571,1700968.6261200018
11967289,0.00806451612903226
7815562,0.00806451612903226
12706096,0.043391552266427685
9060658,6126983.539632173
12560332,5.330480393390789E7
9568045,1.4668402566737479E7
12050360,7585886.432898354
12840887,0.00806451612903226
11163673,1.8951518525761604E7
7523700,5345639.844058488
12518224,7.86938176285307E7
10233949,7585886.432898354
9372953,1700968.6261200018
7745672,0.00806451612903226
11040122,6596955.920072118
9784363,1.4668402566737479E7
7831768,2.0280665007635295E7
9636375,0.00806451612903226
11581419,6596955.920072118
8139029,0.043391552266427706
9234794,0.00685483870967742
7491757,2553436.4757361324
9032384,0.00685483870967742
9311816,0.00685483870967742
9465097,0.09484762066188768
9343214,0.00685483870967742
11287582,8.225474176370522E7
9420209,2.5583786601926412E7
8709207,1.0486401012021407E8
8957670,0.00685483870967742
9469843,0.00685483870967742
8825715,0.00685483870967742
7595373,0.00685483870967742
9298727,0.00685483870967742
7666533,1700968.6261200018
9261437,0.00685483870967742
7933109,2.703406719394075E7
8151305,0.00806451612903226
