12533712,1.0
9060658,0.0016760589610442802
12566713,0.0016696720764041945
9298727,0.001978494623655914
12033775,0.0016720334210110752
11044077,0.002040324301483796
10712890,1.0
8553535,0.0020628320098552465
8200503,0.0016696720764041945
10573627,0.001978494623655914
12706096,0.0016696720764041945
7745672,1.0
8151305,1.0
8525612,1.0
11145916,0.0016696720764041945
9465097,0.0016696720764041945
11878901,0.0017394725075652287
8825715,0.001978494623655914
12208977,0.0016696720764041945
7561785,0.0016696720764041945
7523700,0.001670060927288769
12050360,0.0016780527612685644
10873782,0.0017857316936398283
9650960,0.0020558462936266595
10233949,0.0016780527612685644
12610128,0.0020060482741328656
11121865,1.0
9811779,0.0016720334210110752
11581419,0.001676000584525121
14517069,0.0016696720764041945
11287582,0.002120125480223877
8289365,0.0017351891562489036
9234794,0.001978494623655914
11163673,0.0017431991604413323
9636375,1.0
9261437,0.001978494623655914
8806551,0.001978494623655914
8973339,0.001978494623655914
9420209,0.0018558046681961485
9557678,0.0016698872456803059
8957669,1.0
12890615,0.001978494623655914
9784363,0.0017391233883712774
12857908,0.0019161628077091972
8764516,0.0016696720764041945
9311816,0.001978494623655914
11967289,1.0
11243812,0.0016760589610442802
11886254,0.0018064631263724736
8709207,0.00235144462825097
10364381,0.0016780496249792195
12482659,1.0
11158207,0.0017264409270019371
11499923,0.0016720334210110752
8178438,0.0016696720764041945
7666533,0.0016698872456803059
12033769,0.0016696720764041945
10362134,0.0016696720764041945
7815562,1.0
11682199,0.001978494623655914
8551571,0.0016698872456803059
9060652,0.001978494623655914
12584306,0.001978494623655914
12663770,0.0016696720764041945
10559364,0.001676000584525121
8139029,0.0016696720764041945
12840887,1.0
7831768,0.0016792329187982546
9018146,0.0016811088671269694
8601783,0.001978494623655914
11160736,0.001916070563904933
9372953,0.0016698872456803059
11602792,0.0016780527612685644
9469843,0.001978494623655914
12518224,0.001950873323288317
8615005,0.0023440860215053765
7778283,1.0
7491757,0.0017286685077166572
9032384,0.001978494623655914
11040122,0.001676000584525121
12663788,0.0018575216246420117
10918034,0.001978494623655914
9568045,0.0017391233883712774
10971133,0.001978494623655914
11289806,0.001978494623655914
12560332,0.0018183395326273489
7595373,0.001978494623655914
8957670,0.001978494623655914
7494284,0.0023440860215053765
11883199,0.0017264409270019371
7933109,0.0016928523431669847
9343214,0.001978494623655914
10364505,0.0016720334210110752
